-53038.54
-230900.14
-83425.83
-242980.27
-210416.64
-188119.97
-228894.92
-43486.12
-188313.63
-76367.86
-42036.66
-194469.83
-76092.13
-213320.40
-198914.79
-183372.46
-216206.46
-40063.62
-166960.02
-69288.44
-36390.61
-165534.69
-63679.94
-190228.72
-152081.27
-145564.57
-181347.39
-28497.40
-106837.23
-41462.66
-21682.44
-10315.24
-28110.09
-115245.42
17338.34
-9374.86
-95538.15
-13648.69
-7283.27
-22993.51
-13232.41
20199.18
-22462.43
-90314.82
10073.84
-17667.18
-93436.91
-13978.07
-17601.73
-22509.10
-13243.14
7709.74
-22420.05
-91383.94
1887.74
-29723.71
-94010.90
-14147.58
-38084.15
-23927.99
-15447.38
-28621.86
-32663.41
-106975.63
-69391.44
-91357.12
-126555.76
-21690.49
-158068.50
-54461.72
-36695.84
-170320.83
-62949.84
-210656.97
-190323.14
-219210.00
-231720.36
-51257.56
-219551.71
-66295.10
-52205.99
-184100.95
-65547.30
-228695.36
-186573.94
-220341.89
-236636.31
-53981.61
-234094.65
-69040.60
-57040.94
-195250.89
-68388.83
-247393.04
-195512.14
-241790.98
-249108.58
-60570.72
-239865.15
-66420.62
-60433.93
-186761.70
-65697.50
-243644.92
-176001.75
-221141.72
-229413.12
-53829.80
-193729.01
-55204.16
-46507.90
-112661.91
-45570.74
-175929.87
-85006.72
-124345.08
-157205.36
-33241.16
-125464.10
-44340.14
-33018.53
-112620.61
-48681.56
-179429.61
-153213.70
-217872.65
-216727.34
-56343.03
-215125.53
-50613.29
-52904.97
-69912.86
-27426.13
-143730.48
1898.47
-31843.19
-103238.77
-26976.59
-14019.91
-16359.33
-24450.48
11251.87
-16304.08
-93729.27
8372.25
-19771.64
-94223.33
-25148.93
-14074.09
-15755.30
-27875.67
21932.96
-13525.85
-87211.50
18425.17
-986.52
-87476.50
-24694.56
-57120.33
-19200.33
-31399.55
4361.81
-15180.77
-87779.59
4412.23
-24510.57
-90761.14
-26902.02
-12325.29
-14767.17
-28510.28
12342.45
-14200.69
-92541.59
7591.19
-23256.36
-75320.19
-18866.12
-68142.06
-18707.87
-32126.97
-38712.33
-22547.72
-110610.56
-37386.78
-96896.96
-105363.08
-34441.18
-104929.10
-22675.93
-36273.66
-42010.37
-23058.42
-104068.65
-43213.61
-109582.20
-105286.91
-37500.51
-113142.03
-23242.42
-35382.10
-31255.25
-22575.08
-106683.80
-28826.24
-90485.40
-81220.52
-25412.32
-98484.83
-22668.96
-42448.11
-14352.50
-19002.38
-63712.13
-55249.22
-134591.12
-105536.35
-38835.17
-150111.99
-27375.16
-44324.58
-64424.52
-27801.64
-116455.09
-62535.71
-149836.26
-116439.54
-46841.57
-143888.19
-26988.93
-47852.76
-49422.93
-25519.61
-112628.65
-47352.80
-127328.77
-110505.95
-45720.40
-124964.13
-25144.64
-46255.24
-45701.09
-25371.55
-109059.17
-45522.99
-127754.70
-109011.96
-47772.83
-129597.38
-25980.95
-48417.63
-45324.51
-26036.74
-108421.88
-44375.01
-130035.65
-108892.87
-49776.98
-130328.02
-26546.36
-50573.06
-42775.34
-26180.51
-108204.08
-41973.89
-127915.64
-107305.00
-51092.87
-129240.11
-26498.08
-51487.15
-41367.18
-26913.82
-106960.07
-40294.29
-129410.70
-106803.97
-53219.86
-128619.45
-27408.96
-53954.25
-38036.95
-27215.84
-106372.67
-35042.53
-121227.28
-104727.40
-54385.01
-118238.22
-26529.20
-54091.58
-33096.85
-26605.91
-102568.22
-33631.69
-122383.31
-103936.15
-56205.16
-126897.47
-28987.71
-57535.54
-36644.88
-27461.53
-99923.56
-37231.21
-130888.60
-100573.73
-54719.22
-130398.83
-28256.54
-55277.12
-36570.31
-28464.14
-98998.20
-35760.29
-131065.62
-98523.45
-56401.50
-130654.17
-29056.37
-56663.82
-34957.23
-29465.14
-97329.33
-35097.25
-133461.37
-96272.54
-57954.50
-134649.59
-30585.77
-59299.36
-34346.23
-30480.63
-96612.64
-33024.43
-131719.01
-95617.54
-60270.32
-132122.95
-31083.05
-61602.84
-31887.71
-31175.86
-95258.66
-31680.65
-132349.33
-95822.46
-63436.40
-120345.90
-30113.70
-62649.44
-26689.59
-30427.52
-92788.35
-26591.42
-121091.02
-93545.81
-64167.57
-134732.74
-33499.72
-65396.56
-33928.34
-36058.55
-93688.50
-34737.83
-149351.32
-95424.43
-69247.67
-138860.12
-35321.48
-68526.69
-29804.17
-35103.15
-92554.46
-28598.79
-133274.15
-91400.57
-67892.08
-139290.35
-36412.06
-68483.78
-30296.09
-37127.14
-91518.06
-28075.22
-135785.24
-90083.07
-70354.89
-132043.56
-36229.67
-70517.43
-25599.01
-36111.12
-88512.37
-26246.49
-133217.29
-87949.11
-71200.32
-127373.83
-36107.90
-71296.34
-23831.97
-36292.44
-85942.82
-22767.67
-122841.97
-84828.63
-71039.39
-120322.84
-35823.59
-71162.77
-21378.28
-35672.85
-83368.97
-21541.36
-121055.08
-82516.56
-70630.08
-130262.57
-39241.26
-73364.86
-23614.17
-39597.46
-83566.91
-20567.18
-119567.53
-83705.32
-75146.39
-112873.27
-36386.32
-85009.41
-3563.05
-23990.22
-78979.80
-1489.16
-46681.71
-76906.45
-70537.81
-43464.67
-22202.79
-69958.99
-753.70
-22280.58
-75361.50
-620.13
-43062.87
-73783.82
-70653.15
-44215.15
-22932.35
-71472.30
-2091.59
-24039.57
-72895.48
-2646.80
-51285.99
-72615.99
-72194.88
-52782.66
-25744.92
-72799.99
-3203.09
-25395.16
-73016.18
-2650.56
-50621.87
-72495.83
-72168.06
-50144.98
-24851.74
-72234.04
-3213.82
-25789.98
-69914.47
-3863.99
-56125.23
-70116.17
-72337.04
-54809.34
-26531.88
-73399.73
-2663.97
-25691.27
-69805.03
-1888.28
-45904.40
-69861.90
-74595.46
-39282.03
-23431.24
-74348.70
-377.66
-23007.99
-68315.87
-1808.88
-45325.05
-67504.24
-73731.79
-50008.72
-26794.73
-74396.98
-3471.85
-28089.71
-67625.47
-4186.39
-56845.14
-65309.65
-74845.98
-60825.53
-30677.50
-75721.45
-5432.01
-31535.27
-64776.96
-5444.35
-63041.58
-63395.09
-76043.32
-64813.44
-32783.04
-77340.97
-5908.91
-33389.21
-62353.86
-6044.09
-65946.94
-62101.19
-77798.02
-66252.18
-34282.39
-78309.25
-5746.90
-34257.71
-60948.92
-5315.60
-61396.84
-61423.13
-79965.78
-55800.68
-32147.35
-80784.93
-2763.21
-28923.34
-59446.34
-2732.63
-45594.34
-58843.38
-79557.55
-45351.87
-30022.51
-79723.31
-2801.84
-29970.47
-58262.41
-2882.84
-45382.45
-57659.45
-80366.50
-47762.10
-31581.41
-80904.02
-3182.17
-31772.92
-57959.33
-3335.60
-46706.92
-56772.72
-82029.47
-45144.27
-31815.83
-83145.27
-3096.34
-31389.36
-56253.44
-3048.06
-43177.67
-55345.24
-82444.14
-51412.59
-34932.56
-82932.30
-5272.69
-38065.38
-54873.71
-5480.83
-58184.63
-54099.09
-84412.88
-62016.43
-40302.88
-84973.46
-6490.41
-42295.22
-52609.39
-7277.91
-70457.88
-53672.08
-86678.81
-74644.81
-46909.70
-87068.81
-8337.92
-47687.54
-52688.78
-8555.17
-77331.85
-52056.32
-88898.61
-77410.71
-49624.09
-89131.43
-8660.32
-50067.19
-51754.30
-8635.10
-75922.62
-50406.22
-90292.82
-75204.86
-50798.90
-90482.19
-8954.29
-52525.71
-49080.68
-9254.70
-79446.50
-48363.99
-91001.46
-78926.16
-54492.30
-91704.74
-9361.45
-54658.60
-47217.61
-9456.40
-78890.21
-47251.41
-92539.44
-78566.74
-55980.93
-93062.47
-9495.02
-56486.79
-46006.33
-9633.42
-77870.97
-45649.06
-93044.23
-95652.41
-65954.99
-88834.24
-13171.79
-75000.47
-47977.21
-13662.64
-108175.65
-47832.38
-99111.93
-102806.94
-69815.76
-97123.34
-12709.38
-70063.06
-46640.40
-12573.66
-100460.00
-45807.31
-98051.92
-88713.00
-65699.11
-94885.30
-10220.29
-62030.92
-42521.60
-10888.16
-92828.58
-44236.61
-96417.38
-96703.30
-70098.47
-98765.92
-11941.73
-70027.66
-43037.12
-11787.77
-90745.04
-42518.92
-97058.43
-91083.54
-70740.59
-98188.71
-11881.65
-71204.07
-41392.93
-11710.53
-86289.36
-41471.25
-98613.57
-82395.86
-68080.91
-97968.77
-11167.65
-66363.76
-39833.49
-11185.89
-79161.12
-39965.99
-97558.39
-80396.01
-68285.83
-96343.35
-11609.14
-70332.36
-38421.04
-11852.68
-82774.59
-38227.38
-97760.09
-84916.60
-73615.92
-96788.60
-12378.93
-75791.19
-37650.17
-12706.70
-86051.71
-36647.56
-98448.88
-89379.26
-78705.68
-100011.00
-13154.09
-77790.51
-36843.90
-13090.25
-83288.50
-36189.44
-100727.69
-78425.12
-74435.06
-101823.64
-12715.82
-72224.39
-35346.15
-12498.02
-70931.03
-34928.27
-99569.51
-69942.36
-70414.43
-100057.67
-12383.22
-70561.42
-34171.88
-12408.97
-66820.27
-34793.08
-100567.83
-66357.32
-70370.44
-99804.47
-12655.20
-71745.88
-33502.94
-12651.44
-64769.45
-33692.84
-101570.98
-63063.03
-70222.39
-99719.72
-13077.38
-72046.82
-32618.88
-13512.43
-65501.70
-32738.51
-102448.59
-69311.51
-77492.25
-102890.09
-14494.12
-80754.35
-33146.21
-15103.52
-71566.17
-31585.16
-103158.84
-76884.99
-87474.36
-104354.04
-16215.56
-94972.74
-32292.19
-17124.30
-89128.21
-32120.53
-108487.32
-91345.86
-101839.20
-110067.68
-18403.17
-105768.63
-31978.91
-18970.73
-96083.18
-32003.05
-111439.90
-97565.90
-109920.69
-112421.59
-19985.68
-114924.62
-31956.91
-20620.29
-101035.61
-31785.25
-114701.46
-100453.57
-115569.43
-113851.74
-21154.05
-117784.93
-31366.83
-21523.12
-102666.39
-31487.53
-115827.99
-103589.61
-121287.90
-115533.48
-22322.42
-123418.11
-31348.05
-22668.42
-106950.95
-30757.97
-116374.09
-110493.08
-131905.15
-117543.00
-23583.59
-119987.56
-28911.00
-20750.64
-111155.58
-29488.75
-114770.13
-93675.62
-119363.14
-110747.35
-22102.48
-106253.04
-27364.97
-21089.14
-75824.45
-26954.06
-106195.64
-72279.10
-100382.22
-105190.89
-20172.90
-99504.07
-25886.54
-19987.29
-68600.19
-25949.84
-103402.92
-68140.99
-98801.33
-102129.95
-19789.34
-98784.16
-25178.44
-19778.08
-66715.67
-25296.99
-101881.58
-66715.13
-98587.82
-99626.37
-19840.84
-98673.12
-24401.13
-19887.51
-65783.33
-24268.09
-99496.56
-65272.64
-99125.87
-98804.55
-20236.73
-99478.32
-24074.97
-20762.45
-64679.87
-23544.97
-99158.06
-63652.58
-100114.54
-99977.21
-21207.69
-101451.35
-23626.51
-21941.55
-62616.71
-23594.86
-101250.18
-62369.41
-102836.98
-102649.76
-22968.29
-103807.94
-23462.89
-23454.85
-62239.59
-23856.64
-104036.46
-62252.47
-106087.28
-104533.21
-24648.97
-107635.99
-23578.23
-25242.81
-62282.51
-24020.26
-106010.03
-61957.96
-109827.89
-105267.60
-26295.84
-111304.71
-23738.63
-26893.98
-62517.47
-24077.66
-107354.89
-62555.56
-114354.92
-107146.75
-28044.64
-116035.06
-24579.23
-28618.64
-62521.76
-23982.17
-107688.02
-62224.57
-117078.97
-108506.10
-29428.13
-117208.26
-24364.65
-29879.81
-60912.44
-23862.01
-107852.71
-60223.65
-116474.94
-108742.67
-30281.61
-116798.41
-23755.79
-30438.25
-58626.12
-23673.72
-106964.90
-58157.27
-117040.89
-107479.88
-30742.95
-115992.68
-23309.47
-30685.55
-57430.39
-23430.71
-105581.42
-56150.44
-115922.94
-104060.60
-30660.87
-115957.81
-22896.41
-30600.79
-55034.11
-23040.18
-103589.07
-54654.84
-115987.31
-101723.86
-30734.90
-115621.46
-22641.07
-30824.49
-54026.13
-22472.09
-100905.25
-52825.58
-115302.28
-99487.44
-30808.93
-115767.91
-22272.53
-31098.07
-51741.43
-21746.82
-97935.51
-51150.27
-114153.76
-98672.04
-31217.70
-114470.26
-21988.22
-31483.24
-50854.15
-21849.81
-97891.52
-50216.86
-114983.63
-99542.69
-32343.69
-114942.33
-21567.11
-32419.86
-49138.61
-21860.54
-97981.11
-48379.55
-115666.52
-98996.59
-33568.39
-115679.40
-21981.78
-33896.15
-47783.56
-22451.17
-99971.84
-47102.81
-116751.74
-99113.54
-35175.57
-117309.64
-22759.08
-35863.28
-47294.86
-23260.66
-101624.62
-46427.43
-119059.52
-99999.20
-36932.95
-118726.92
-23293.92
-37628.18
-45485.44
-23382.96
-100426.75
-45042.34
-120249.35
-100875.75
-38558.90
-121507.84
-23984.85
-39044.38
-44740.86
-23749.89
-99778.72
-44487.12
-121680.04
-101029.17
-40070.60
-122813.00
-23980.56
-40411.78
-43897.57
-24170.46
-99616.72
-43196.44
-122706.25
-99829.69
-41005.08
-122618.27
-24089.99
-41206.25
-42661.61
-24123.79
-98773.43
-41939.56
-122372.58
-97584.68
-41667.05
-122350.05
-24146.32
-41756.10
-41189.62
-24366.26
-97668.36
-40828.59
-122515.81
-95801.01
-42281.81
-121955.23
-24340.51
-42495.32
-39880.16
-24275.60
-95430.33
-39654.32
-122033.55
-94710.96
-42928.22
-121990.10
-24457.46
-43592.88
-38962.31
-24174.75
-93741.07
-38484.88
-122175.71
-93910.59
-44093.38
-122427.30
-24785.22
-44627.67
-37832.03
-24681.15
-93383.26
-37376.59
-122109.73
-94363.88
-45268.72
-121706.32
-24872.66
-45452.72
-36727.49
-25303.96
-93982.47
-36502.72
-122730.93
-94275.37
-46792.75
-121636.05
-25277.14
-46707.99
-35843.44
-25895.12
-94056.50
-34927.19
-122056.08
-92865.60
-47608.68
-123346.76
-26246.49
-48105.96
-34832.24
-26404.21
-93331.23
-34573.68
-124126.21
-92043.77
-48852.15
-124700.74
-27154.69
-49478.18
-33705.72
-27055.98
-92439.13
-33623.64
-125210.36
-92224.01
-50279.62
-125095.56
-27776.42
-50738.82
-32910.17
-27543.61
-91126.45
-32582.94
-125501.11
-90974.64
-51311.74
-125091.81
-28134.77
-51651.84
-32183.83
-28198.60
-90001.00
-31599.64
-124815.54
-90272.44
-52275.19
-124321.48
-28127.26
-52236.56
-31110.41
-28251.17
-88800.44
-30663.02
-124004.44
-87951.79
-52889.95
-123838.68
-28527.44
-53066.98
-29674.35
-28311.26
-87228.67
-29364.29
-123012.02
-86165.44
-53401.18
-122466.46
-28744.70
-53776.69
-29060.13
-28959.28
-85574.28
-28649.21
-123251.81
-85219.15
-54470.84
-123251.27
-29399.70
-54869.96
-27966.86
-29570.82
-84732.07
-27751.21
-122898.30
-85205.21
-55641.90
-122813.54
-30063.81
-56262.02
-27033.99
-30236.01
-84373.72
-26946.55
-122735.22
-85219.69
-56996.95
-122502.40
-30851.84
-57193.82
-26000.80
-31237.01
-83467.14
-25601.69
-122218.62
-84003.58
-58178.73
-122846.26
-31778.82
-58534.93
-25368.87
-32167.74
-83036.37
-24985.85
-122781.89
-81982.80
-59484.43
-122388.68
-32606.55
-60170.54
-24454.24
-33018.00
-82284.28
-24373.24
-123530.22
-81274.70
-60987.00
-121978.83
-33432.13
-61513.79
-23531.56
-33802.27
-80399.76
-23575.01
-122990.56
-80606.29
-62535.17
-123902.51
-34623.03
-63456.78
-23324.49
-34802.74
-79796.80
-23059.49
-123486.77
-80193.23
-63891.30
-123670.24
-35200.24
-64655.19
-22851.35
-35423.40
-79425.58
-22685.59
-123849.41
-79569.35
-65261.37
-123456.19
-35813.40
-65261.91
-21794.02
-35869.19
-77748.67
-21812.80
-122980.37
-77798.02
-65884.18
-121990.10
-36085.91
-65951.24
-21458.21
-36541.35
-77734.18
-21186.77
-121673.06
-75943.00
-66151.33
-121113.02
-36642.73
-66832.07
-20821.45
-37133.58
-76335.68
-20036.64
-119423.76
-74724.74
-66628.23
-120044.42
-37524.65
-67603.48
-19864.98
-37412.53
-74325.09
-19636.99
-120044.42
-74366.40
-67709.69
-119946.79
-38513.84
-68119.00
-19121.47
-38477.37
-73228.07
-18782.98
-119183.97
-73948.51
-68714.98
-118873.91
-39218.73
-68811.54
-18687.49
-39705.28
-72238.87
-18595.76
-120093.78
-73254.89
-70225.07
-119568.60
-40669.80
-70192.88
-18191.28
-41030.29
-71421.87
-18004.06
-119670.52
-70160.70
-70741.13
-119034.84
-41674.56
-71271.67
-17748.72
-42064.02
-70231.51
-17486.40
-118927.02
-69311.51
-72401.41
-120062.13
-42803.77
-73316.58
-17493.37
-42949.68
-69323.85
-17086.75
-118288.11
-68541.71
-73780.07
-118419.01
-43554.25
-74482.81
-16979.46
-43775.80
-67082.06
-16798.14
-118552.58
-67755.29
-75202.18
-118421.69
-44609.97
-75468.79
-16519.73
-44610.51
-66561.17
-16404.93
-118064.95
-67120.14
-76176.89
-117487.74
-45535.33
-76142.02
-16018.69
-45781.02
-66291.88
-15560.57
-115882.71
-66549.37
-76845.30
-116602.61
-46364.13
-76998.72
-15769.78
-46772.37
-66797.20
-15499.95
-116172.39
-65524.23
-77461.67
-116236.76
-47678.42
-77793.19
-15226.90
-47652.67
-64926.63
-15153.41
-115919.19
-63726.61
-77874.73
-114909.60
-48394.03
-78306.57
-14864.27
-48599.49
-63224.50
-14846.57
-115611.81
-63328.04
-79390.18
-115845.16
-49418.10
-80274.23
-14840.13
-50201.30
-62546.44
-14761.27
-115893.97
-62626.37
-80622.38
-114836.65
-50543.02
-80625.07
-14436.72
-50804.80
-61313.16
-14224.29
-114138.20
-61366.80
-81333.71
-114416.61
-51380.94
-81373.94
-14285.45
-51798.29
-60897.95
-14155.09
-113659.69
-59697.93
-81534.34
-113639.31
-52385.69
-82137.30
-13799.43
-52241.39
-59765.52
-13827.86
-112999.87
-58134.21
-82415.71
-113298.67
-53264.39
-83342.14
-13831.62
-53786.88
-58309.62
-13885.26
-113537.38
-57831.12
-83627.00
-113094.82
-54536.83
-84178.99
-13688.39
-54846.35
-57396.06
-13733.98
-113228.93
-57636.39
-85195.55
-113604.44
-55986.29
-85407.45
-13725.94
-55772.25
-56598.91
-13699.65
-113336.76
-57132.13
-86236.25
-113333.54
-56887.51
-86154.71
-13562.32
-57324.71
-56445.49
-13376.71
-111980.63
-56218.03
-86691.15
-112179.11
-57918.02
-86535.05
-13147.65
-58296.21
-55347.93
-13012.47
-110883.07
-54353.36
-86312.42
-111424.88
-59447.41
-87098.85
-13031.78
-59913.58
-54408.62
-12919.67
-110451.77
-53366.31
-87566.62
-110126.15
-60739.70
-88354.66
-12650.37
-60848.06
-52641.58
-12663.78
-108783.97
-51783.81
-88003.29
-108922.91
-61927.92
-89288.60
-12699.72
-62475.09
-51682.96
-12706.70
-108671.32
-51761.28
-89744.58
-108974.41
-63210.55
-90036.40
-12810.77
-63624.15
-50650.30
-12714.21
-108292.06
-50913.70
-90890.42
-108227.68
-63883.25
-90408.69
-12643.93
-64060.28
-50037.69
-12772.68
-108175.11
-49905.19
-91710.10
-107781.90
-65428.74
-91324.94
-12781.80
-65125.12
-49739.43
-12559.18
-106189.20
-48593.05
-91843.68
-106085.13
-65796.20
-92287.85
-12561.86
-66685.62
-48580.18
-12546.84
-105750.93
-47929.47
-92664.97
-104925.88
-66871.23
-93695.47
-12347.28
-67528.91
-47279.84
-12507.68
-104851.32
-47926.25
-94215.82
-104642.11
-67851.85
-94361.20
-12564.00
-68414.04
-46826.01
-12462.62
-103818.13
-47354.94
-94684.67
-103250.58
-69157.55
-94222.80
-12469.59
-69445.62
-46312.64
-12356.40
-102440.01
-46293.32
-94856.33
-102398.71
-69822.74
-94225.48
-12234.63
-70105.44
-45539.09
-12265.21
-101289.88
-45112.08
-95172.30
-100881.65
-70997.54
-94627.27
-12228.19
-71649.86
-44390.03
-12333.33
-100513.65
-43338.07
-94950.75
-100538.33
-72504.95
-96159.89
-12336.55
-73004.91
-43186.25
-12480.86
-100019.59
-42341.89
-95846.60
-99045.94
-73829.96
-97189.32
-12549.52
-74123.93
-42006.08
-12570.98
-98955.29
-42215.29
-97067.01
-97899.57
-74785.36
-97504.21
-12455.64
-74853.49
-41130.07
-12666.47
-97788.52
-41497.00
-98280.98
-97413.55
-76035.81
-97775.65
-12914.30
-76646.81
-40936.42
-12944.34
-96852.43
-40502.43
-98958.50
-97030.00
-76655.40
-99196.15
-13013.01
-77062.56
-40095.81
-13053.78
-95086.47
-39569.02
-98778.80
-95274.22
-77428.95
-99176.30
-13146.58
-78217.52
-39710.11
-13316.63
-95720.00
-39538.45
-100091.47
-94835.41
-79023.79
-100620.94
-13171.26
-79548.43
-39248.23
-13214.17
-94281.80
-39265.94
-100269.57
-94580.60
-80795.66
-100513.65
-13379.40
-81534.34
-38416.75
-13482.93
-94606.35
-38407.09
-100874.67
-93737.32
-82349.19
-100559.25
-13553.20
-83177.99
-37893.18
-13571.44
-93033.50
-37807.89
-101576.34
-92155.88
-82545.53
-100747.00
-13713.60
-83361.46
-37010.20
-13803.19
-91332.98
-36701.74
-101417.55
-91111.97
-83885.56
-101347.82
-13907.26
-83954.76
-36091.81
-14051.56
-90493.45
-35234.04
-101043.12
-89906.05
-84614.05
-102097.23
-14156.70
-84085.12
-35242.08
-14289.20
-88805.81
-34823.66
-101967.41
-88436.73
-85111.33
-102643.86
-14434.04
-85013.70
-34246.45
-14406.68
-86539.87
-34667.02
-102783.87
-86397.72
-85008.33
-102355.25
-14685.10
-86452.97
-34053.87
-14653.45
-85231.49
-34222.85
-103592.29
-85256.17
-85888.63
-102774.22
-14911.47
-86307.60
-33444.47
-14939.91
-84493.35
-33366.15
-103508.60
-84935.91
-87928.72
-103239.85
-15185.06
-87733.46
-33344.15
-15327.22
-84294.33
-32868.33
-103820.81
-84206.35
-88598.74
-104185.59
-15451.67
-88947.96
-32956.84
-15595.44
-83662.94
-32342.08
-103673.29
-83546.53
-89773.01
-104093.33
-15775.15
-90639.90
-31474.65
-15868.49
-82776.74
-31752.53
-104015.54
-82524.61
-90980.54
-104830.93
-16083.60
-91180.10
-30986.49
-16112.57
-81846.54
-31563.70
-104820.20
-81770.91
-92221.33
-103868.56
-16401.71
-92226.16
-30668.92
-16525.63
-80693.73
-30759.04
-104443.09
-80582.69
-92959.47
-103800.96
-16768.10
-93496.99
-30438.25
-17004.67
-79720.63
-29920.58
-104304.68
-78721.23
-92815.71
-104199.54
-17125.37
-93441.20
-29451.73
-17182.23
-77725.60
-28976.44
-103391.66
-76890.36
-92508.33
-104026.27
-17276.11
-93245.40
-29121.28
-17341.56
-76316.37
-28901.34
-104243.53
-76220.88
-93793.64
-104926.42
-17775.00
-95007.07
-28686.77
-18032.49
-76857.64
-28703.93
-105081.99
-76341.04
-95470.56
-105335.19
-18091.50
-95401.36
-28477.55
-18229.37
-75382.96
-28823.02
-105744.49
-74908.21
-95736.63
-105301.93
-18357.58
-96369.64
-28457.70
-18593.61
-74068.67
-28441.61
-105669.39
-73518.82
-96619.08
-104440.40
-18572.15
-97526.20
-27921.26
-18844.67
-73660.98
-27269.49
-104166.82
-72705.58
-97562.15
-104166.82
-18985.21
-98219.82
-27430.42
-19238.95
-73220.02
-27132.69
-104520.87
-73445.33
-99732.05
-105152.26
-19613.92
-100108.10
-26727.68
-19818.31
-73722.67
-26386.50
-104064.89
-73260.26
-101041.51
-104893.16
-20093.50
-102026.95
-26340.90
-20397.67
-73309.61
-26528.12
-105608.77
-72811.79
-101935.22
-105340.55
-20706.66
-102303.76
-26108.09
-20874.03
-71985.67
-26342.51
-106137.17
-70773.31
-101538.25
-104871.17
-20934.11
-101994.77
-25963.25
-21175.51
-70200.93
-25943.40
-105681.19
-69863.51
-102845.03
-105512.21
-21579.45
-103343.38
-25855.96
-21741.45
-69238.02
-25218.67
-104838.98
-68491.29
-103185.13
-106226.75
-22030.06
-103007.03
-25322.74
-22128.76
-68150.65
-25454.17
-106094.79
-67018.76
-103472.66
-106927.35
-22339.59
-104010.71
-25322.20
-22470.48
-66869.62
-25496.55
-106769.10
-66408.82
-104738.67
-105860.90
-22894.80
-105302.47
-25209.01
-23053.59
-66318.70
-25338.30
-106701.51
-65838.05
-105580.34
-105315.34
-23310.54
-105962.83
-24932.21
-23454.31
-65511.35
-24873.20
-105701.04
-65186.27
-106629.62
-105683.88
-23693.03
-106484.78
-24998.19
-23891.51
-64310.80
-24328.18
-104819.13
-63519.55
-105752.00
-105552.45
-24165.10
-106824.89
-24440.29
-24269.17
-63520.62
-24087.31
-104568.08
-62205.26
-106193.50
-105410.83
-24488.57
-107225.61
-23876.49
-24549.73
-62656.95
-23902.24
-104558.96
-62309.33
-107941.22
-104796.60
-24981.56
-108000.23
-23472.55
-25070.61
-61844.77
-23893.66
-105250.43
-61879.64
-108142.93
-104165.21
-25654.26
-108483.03
-23490.79
-25834.50
-60852.36
-23528.88
-104761.20
-60288.56
-107895.09
-104023.05
-26167.63
-108360.72
-23397.45
-26359.14
-60755.26
-23139.42
-104274.11
-60710.74
-110022.08
-104549.30
-26752.89
-110963.54
-23762.77
-27007.70
-60452.71
-23469.33
-104852.39
-59833.12
-111468.86
-105505.78
-27319.91
-111325.10
-23462.89
-27311.86
-58966.76
-23299.82
-104681.27
-58593.94
-111253.75
-105528.84
-27780.71
-112842.69
-23188.77
-27957.20
-59311.70
-23510.10
-105273.50
-57826.29
-112403.88
-104196.32
-28337.01
-112454.85
-23039.64
-28440.00
-57421.27
-23320.20
-104695.21
-56982.46
-113248.78
-104049.87
-28985.03
-114187.02
-23364.73
-29250.57
-56986.76
-23059.49
-103981.75
-56769.50
-114701.46
-104027.88
-29640.56
-114436.46
-23129.76
-29894.30
-56306.01
-22888.37
-103726.94
-55525.49
-114679.47
-103811.16
-30258.54
-114848.99
-22899.09
-30582.55
-55314.13
-22886.22
-103405.61
-54578.67
-115086.09
-104404.46
-30970.93
-115475.01
-22961.32
-31162.98
-54052.96
-22630.34
-102985.57
-53355.58
-115389.18
-103907.18
-31713.91
-115386.50
-22664.67
-31898.98
-52513.37
-22810.58
-103960.29
-51946.88
-114584.52
-102729.15
-32263.76
-114531.41
-22620.14
-32499.79
-51968.34
-22672.18
-103659.34
-51101.99
-114894.58
-103093.40
-32941.29
-113734.26
-22768.74
-33080.76
-49462.09
-22456.53
-102423.92
-49372.50
-113330.85
-102399.78
-33290.51
-114024.47
-22653.94
-33587.16
-48320.54
-22410.93
-102032.32
-48497.56
-114580.23
-103070.87
-34279.71
-116307.03
-22638.38
-34716.37
-48559.79
-22665.74
-102167.50
-49597.27
-122480.94
-104929.64
-37686.11
-122152.64
-23551.41
-37739.76
-49537.72
-24099.11
-104407.68
-49797.36
-125651.85
-104073.48
-38845.90
-127373.83
-24346.41
-39249.31
-51240.39
-24789.52
-104846.49
-51120.76
-130240.58
-104277.33
-40286.25
-131539.30
-24773.96
-40777.09
-52767.10
-25118.89
-103998.38
-53209.13
-135415.63
-104066.50
-41862.31
-137308.20
-25664.45
-42699.16
-55315.74
-25761.01
-104533.74
-56458.36
-149688.20
-106795.38
-45413.02
-147778.47
-27129.47
-36236.65
-90178.02
-34235.18
-118799.34
-91828.66
-219265.79
-124873.47
-56384.33
-214403.48
-34602.65
-55413.91
-89869.57
-35198.63
-122438.03
-90340.57
-221956.04
-123862.28
-57394.99
-224527.74
-36651.32
-58704.44
-88887.88
-37784.82
-126205.46
-86601.57
-228085.96
-126962.92
-62375.85
-227963.12
-39007.91
-63755.58
-82941.96
-39079.25
-128335.67
-82167.87
-225845.24
-129355.45
-67184.52
-227621.94
-42276.98
-80007.09
-68710.69
-43310.17
-134001.03
-72496.36
-231075.55
-133990.30
-79040.42
-295527.97
-60851.28
-102343.45
-95424.43
-67054.70
-171581.47
-96549.88
-341275.73
-175852.08
-121589.91
-340019.92
-70354.89
-122672.99
-87253.34
-65063.42
-158939.14
-80842.33
-292930.52
-159391.36
-108623.58
-288956.02
-63547.98
-115317.30
-74187.76
-65009.24
-162112.20
-70282.47
-274808.98
-159086.66
-116228.71
-254251.45
-58946.38
-107726.65
-61154.37
-55030.35
-142460.72
-60408.72
-233152.12
-136447.74
-95187.85
-240862.93
-55697.15
-96342.81
-59506.42
-55364.02
-134776.73
-57901.93
-231952.64
-123568.85
-91237.50
-154805.86
-35504.94
-66717.27
-43487.73
-39162.94
-109582.20
-54093.19
-214537.05
-114630.12
-79046.85
-258471.64
-59725.83
-94790.89
-67786.94
-63942.80
-136471.35
-69135.02
-285372.59
-139575.20
-106203.15
-269888.73
-63207.87
-106332.97
-55164.46
-54980.46
-126202.24
-51049.42
-225742.25
-125697.45
-96040.80
-218245.47
-54336.73
-94700.76
-50461.48
-57481.36
-126521.42
-51282.77
-235597.76
-129307.70
-102666.93
-239495.01
-61837.80
-104629.77
-51522.02
-61831.36
-130229.31
-49000.75
-229700.12
-128021.32
-102112.78
-217974.57
-56927.75
-97561.61
-43024.78
-51665.25
-119008.02
-32351.74
-149075.05
-110487.71
-82054.15
-117752.21
-33892.93
-76211.76
1492.38
-19337.66
-99244.96
6928.68
-24837.79
-86323.69
-57322.03
-80429.27
-27201.36
-60638.32
-23218.28
-34250.74
-92791.57
-28023.19
-135069.09
-96911.98
-72554.30
-117792.44
-33861.28
-70848.95
-22401.28
-33175.71
-92327.55
-22697.39
-115383.82
-87171.80
-63103.80
-117190.55
-31022.97
-60500.45
-27711.51
-33512.06
-81544.53
-37004.83
-161311.29
-80858.42
-56176.19
-184523.66
-42528.57
-61152.23
-44472.64
-46179.06
-88907.73
-45048.24
-205730.82
-93004.00
-72407.85
-230775.15
-58250.61
-82410.35
-50769.93
-65265.13
-107360.26
-53255.80
-264277.55
-112718.24
-102131.02
-271738.92
-75634.01
-110219.49
-53343.24
-79258.75
-121780.89
-52516.05
-280480.78
-123903.05
-122605.93
-279415.40
-83261.14
-127519.74
-51089.11
-84831.84
-126702.74
-49433.65
-274885.69
-126452.22
-131156.28
-274648.04
-85876.83
-132082.18
-48617.73
-85659.57
-124859.53
-47019.67
-266888.41
-123661.12
-131707.74
-262675.20
-83562.62
-129715.40
-43921.71
-82502.61
-119761.18
-43039.80
-247917.15
-116460.99
-124916.93
-240082.41
-78407.42
-120929.02
-40129.61
-74829.89
-109837.01
-36709.79
-213117.09
-106693.46
-110290.84
-172950.47
-56635.39
-96023.09
-28002.80
-53491.84
-91504.11
-28922.80
-164354.52
-88769.86
-85616.12
-160432.06
-51086.43
-83798.12
-27297.92
-50996.85
-85336.10
-27894.44
-160396.65
-84646.24
-82151.78
-160956.70
-52171.12
-82658.18
-27845.09
-53245.07
-83398.47
-28216.84
-166983.09
-84523.93
-85863.42
-169820.87
-56743.21
-88264.54
-28593.42
-58572.48
-87222.77
-28324.67
-173228.88
-86666.48
-92178.95
-176204.52
-60814.81
-93618.76
-28996.29
-63026.02
-88230.74
-28431.96
-177003.82
-88304.23
-97482.75
-170220.51
-61133.45
-97055.21
-25353.32
-61057.28
-85336.10
-24195.67
-160636.44
-84310.96
-95251.15
-163126.07
-61459.61
-96353.54
-24621.61
-60527.27
-84184.90
-23781.54
-158954.16
-83327.12
-95595.01
-159732.00
-61687.60
-95518.30
-23663.52
-61650.05
-82006.40
-22863.69
-158715.45
-80930.84
-95377.75
-162603.04
-63267.95
-94183.10
-24496.08
-62698.25
-78304.96
-23510.10
-163438.82
-77996.50
-92366.71
-163840.61
-62970.76
-91133.96
-24167.24
-63250.25
-76093.21
-23231.69
-162105.22
-74849.20
-90271.36
-159381.71
-62245.50
-88910.95
-21971.59
-61894.13
-73343.94
-22477.45
-156944.11
-73405.10
-90886.13
-152294.24
-61833.51
-91529.86
-20994.19
-61974.59
-73187.30
-20907.29
-150250.93
-73333.21
-93576.38
-152548.51
-64497.48
-95251.15
-20951.81
-65847.17
-73545.64
-21183.02
-157459.10
-74680.75
-100257.77
-158602.26
-70599.50
-100986.25
-21706.58
-73577.83
-74547.72
-21112.74
-161963.06
-74683.97
-104763.88
-166805.53
-75951.05
-104702.72
-22299.89
-76368.94
-73054.80
-22354.07
-170156.68
-73120.78
-104670.54
-172944.57
-78972.83
-106586.71
-22393.23
-78837.64
-73760.22
-22850.28
-170595.49
-74013.96
-108900.92
-169350.94
-80159.97
-108961.00
-21680.30
-80048.39
-72549.47
-21775.25
-167016.35
-71275.42
-107884.90
-166200.96
-80618.09
-107889.72
-20988.29
-81002.19
-70175.72
-21257.05
-166196.13
-69610.84
-107415.51
-163327.77
-80434.63
-106307.22
-20592.39
-80346.12
-67917.30
-19840.84
-158430.06
-67560.56
-106007.35
-157786.86
-79101.57
-105916.69
-19857.47
-79090.84
-66654.51
-19446.02
-152728.22
-65142.28
-105821.20
-151049.69
-78485.20
-106251.43
-18514.22
-78571.03
-64566.68
-18912.79
-148411.47
-63775.96
-106669.32
-147716.78
-79095.13
-107270.67
-18779.76
-79487.81
-62542.68
-19311.91
-150475.16
-62222.43
-107203.62
-150541.14
-81942.03
-108288.30
-18603.27
-83424.22
-62277.68
-18251.90
-150280.43
-62212.77
-109878.85
-152683.69
-85048.03
-109912.65
-18902.07
-85491.13
-61667.75
-18685.34
-151352.78
-61530.96
-111014.50
-149473.63
-86285.60
-110891.65
-18083.99
-86473.36
-60440.37
-18164.46
-149623.83
-59847.60
-110323.03
-150067.47
-88179.24
-110230.76
-18664.96
-90010.65
-59783.76
-18675.69
-154843.41
-59090.14
-111712.95
-155877.67
-92651.56
-112012.82
-18588.78
-94192.22
-58447.49
-18595.22
-154128.87
-57643.36
-112586.81
-152827.46
-94068.30
-113003.63
-18441.80
-95040.33
-56907.90
-18526.02
-150812.05
-56591.40
-114265.34
-149518.69
-95514.01
-115002.94
-18619.36
-95711.96
-56002.39
-18551.23
-147740.92
-55528.17
-116285.58
-145595.69
-95960.87
-117150.32
-18338.80
-95807.98
-54811.48
-17912.87
-141053.10
-54629.63
-117574.11
-141392.13
-96265.57
-117677.64
-18295.89
-96771.97
-53454.82
-18073.26
-140201.76
-53589.47
-118716.73
-141398.57
-99058.82
-119312.18
-18254.04
-100466.98
-52886.19
-18271.21
-140693.68
-52745.11
-120194.63
-141810.02
-102778.51
-120364.68
-18722.36
-102933.54
-51913.09
-18807.65
-142077.16
-51900.75
-121477.80
-140664.18
-104211.88
-121331.35
-18285.69
-104038.07
-51153.49
-18325.39
-138538.26
-50640.65
-121597.96
-136841.49
-105028.34
-121301.31
-18602.73
-105077.16
-49770.00
-18487.93
-137807.09
-49664.86
-121813.07
-137513.12
-106905.35
-122159.61
-18403.71
-107381.18
-48553.89
-18198.25
-134914.06
-48423.00
-122224.52
-134833.05
-108620.36
-121996.00
-18326.46
-108560.81
-47665.54
-18561.96
-133575.10
-47865.10
-122223.99
-133447.42
-108332.83
-121648.39
-18132.81
-108955.63
-46660.79
-18485.79
-130836.56
-46514.87
-121593.13
-127977.33
-108395.59
-121037.91
-18039.47
-108592.46
-45368.50
-18388.69
-127968.21
-44777.88
-120093.78
-127483.80
-108793.63
-119884.56
-18676.76
-109234.58
-43908.30
-18798.00
-129122.09
-43245.80
-119551.43
-126295.58
-110342.34
-119132.47
-18281.94
-110875.02
-42288.79
-18502.42
-125989.27
-42518.92
-119463.99
-125087.51
-112321.27
-119318.62
-18523.87
-113538.99
-42190.62
-18903.14
-126943.07
-42055.97
-120956.38
-126878.69
-115242.20
-121499.79
-18772.25
-115805.46
-41948.14
-19366.62
-125102.00
-41257.21
-121680.57
-123516.81
-115911.14
-122076.47
-19277.57
-117467.89
-40859.70
-19517.90
-123349.44
-40947.68
-123765.19
-123411.67
-119386.21
-124542.49
-19956.71
-120246.13
-40831.81
-20146.07
-121995.46
-40666.05
-125679.21
-120432.27
-121700.96
-125916.32
-20674.47
-123675.06
-40323.80
-20813.94
-120463.92
-39887.67
-126739.22
-120653.29
-123406.31
-126766.04
-21227.54
-124025.36
-39374.83
-21269.38
-118472.65
-39158.65
-127378.12
-118173.32
-125252.74
-127470.39
-21592.86
-125067.13
-38612.55
-21659.38
-115976.05
-38346.47
-127484.34
-115203.57
-125374.51
-127201.63
-21926.52
-125328.38
-37786.43
-22402.35
-115800.63
-37670.02
-127852.34
-114550.19
-126484.41
-128316.36
-22447.41
-127481.12
-37190.98
-22677.54
-113530.95
-37080.47
-128313.68
-111977.41
-127946.21
-128099.64
-22944.69
-128749.80
-36579.43
-23061.10
-111241.41
-36419.57
-128253.06
-110510.78
-129067.38
-127917.78
-23323.42
-130007.22
-36036.56
-23553.02
-110102.55
-35783.89
-127882.38
-109712.55
-130096.81
-127686.04
-23731.65
-130894.50
-35073.64
-23861.47
-108591.93
-35081.69
-127686.04
-109120.86
-131628.35
-127271.37
-24083.56
-133190.47
-34802.74
-24462.82
-110149.22
-34670.77
-127666.73
-108169.21
-134398.00
-127012.27
-24631.80
-135664.00
-34061.38
-24725.68
-108323.17
-34117.70
-127153.89
-107567.86
-136005.72
-127041.24
-24867.84
-135615.72
-33457.88
-25042.18
-106668.78
-33462.71
-126338.50
-106032.03
-137163.89
-126295.05
-25227.25
-136800.19
-32979.37
-25197.21
-103640.57
-32770.16
-125740.36
-104137.85
-136776.58
-125137.94
-25606.52
-138342.46
-32462.24
-25987.93
-102203.98
-32297.02
-126312.75
-103002.20
-138727.09
-126281.63
-26485.21
-138805.94
-32027.73
-26847.84
-101054.92
-31846.94
-126402.87
-99078.13
-138912.16
-126166.30
-27297.38
-139144.97
-31483.24
-27576.33
-98104.49
-31511.67
-126821.29
-97453.78
-139758.13
-126663.58
-28161.59
-139997.38
-31381.85
-28256.54
-94898.71
-31037.99
-126477.44
-91901.07
-139532.82
-126215.65
-28692.67
-140445.31
-30934.46
-28951.23
-93018.48
-30559.48
-126605.65
-93321.57
-141807.87
-127227.38
-29608.37
-142750.40
-30649.07
-29990.32
-91796.47
-30597.03
-127712.86
-92507.79
-145725.51
-128230.53
-30757.43
-146756.01
-30688.23
-31399.02
-93168.69
-30429.66
-128267.01
-92546.41
-148596.54
-128684.89
-31797.59
-149724.68
-30485.45
-32369.44
-93726.59
-30542.85
-129072.74
-91327.08
-150290.63
-128556.68
-32733.68
-150674.18
-30147.50
-33010.49
-89939.31
-30057.91
-127716.62
-88882.52
-150699.40
-127907.05
-33676.21
-152150.47
-29895.37
-33852.16
-88525.25
-29667.38
-127551.93
-86161.68
-150625.90
-127099.71
-34075.86
-152336.08
-29716.73
-34347.84
-86025.96
-29331.03
-126384.09
-85163.90
-151048.08
-126648.56
-34644.49
-151379.07
-29180.29
-34658.97
-83854.45
-29033.31
-124782.82
-84576.50
-151689.67
-125561.73
-34895.54
-151430.57
-29141.67
-35348.30
-83512.20
-28951.23
-124341.86
-83017.06
-152153.15
-124752.77
-35516.74
-152345.20
-28923.87
-35782.82
-82187.19
-28679.26
-123667.02
-80768.83
-152315.16
-123066.74
-35931.95
-153180.98
-28747.38
-36464.10
-80207.72
-28649.75
-123135.94
-79001.79
-154073.61
-122705.18
-37022.54
-154744.70
-28679.26
-37454.37
-79662.15
-28547.83
-122496.50
-79587.59
-156751.53
-123289.90
-38397.44
-158159.69
-28931.38
-38796.01
-78314.08
-28936.75
-123937.38
-77405.34
-157627.54
-123687.94
-39408.09
-158185.44
-28887.39
-39741.76
-75583.05
-28907.24
-123108.58
-76033.12
-157606.08
-122806.56
-40227.24
-158556.12
-29033.31
-40861.85
-74665.20
-28991.46
-122856.99
-73834.25
-158644.10
-122863.43
-41340.36
-158676.82
-29024.72
-41689.58
-72297.34
-29046.72
-122480.41
-72052.73
-159342.01
-122481.48
-42489.95
-159823.20
-29123.97
-42754.95
-71825.27
-29043.50
-121454.73
-70046.43
-159517.96
-121950.40
-43218.44
-160697.60
-29401.31
-43751.13
-69813.08
-29392.19
-121811.46
-68024.58
-159232.04
-121810.39
-44420.07
-160831.71
-29342.30
-44956.51
-68427.99
-29453.88
-121781.42
-68113.10
-160978.69
-121109.26
-45457.55
-161471.15
-29788.62
-45893.67
-66725.32
-29919.51
-121861.89
-66392.19
-162346.62
-120802.42
-46467.13
-163491.39
-29928.09
-47063.12
-66074.62
-30009.63
-120730.00
-65204.51
-163767.66
-120601.79
-47693.44
-165552.40
-30545.54
-48280.84
-66301.00
-30750.99
-120938.14
-66213.56
-167845.69
-121080.83
-48889.17
-168301.66
-30929.63
-49385.37
-65547.83
-30944.65
-120346.44
-64340.30
-167719.09
-120291.19
-49810.77
-168610.12
-31240.23
-50288.21
-62469.19
-31113.09
-119130.86
-62927.85
-168896.04
-119258.54
-50891.17
-168523.75
-31329.81
-51095.55
-60961.79
-31530.44
-118583.69
-60557.85
-168000.72
-118189.95
-51753.77
-167652.03
-31699.42
-52228.52
-58905.07
-31791.69
-117570.89
-57794.10
-166514.77
-116847.77
-52666.25
-166771.73
-31932.78
-52945.74
-58126.69
-31761.11
-115756.11
-56000.78
-164691.41
-115549.04
-53290.67
-164485.95
-31777.74
-53360.41
-55314.67
-31687.08
-114049.69
-54150.05
-163867.97
-114291.62
-54187.60
-165335.67
-32185.44
-54511.08
-54262.70
-32106.58
-113312.08
-54449.39
-166328.63
-113305.11
-55322.18
-166761.54
-32634.44
-55769.57
-52004.82
-32651.61
-112092.75
-51945.28
-166848.98
-112313.22
-56641.29
-169039.81
-33624.71
-57304.87
-51630.38
-33791.55
-112568.57
-51419.56
-169488.27
-111590.10
-58333.76
-169316.61
-34154.72
-58856.79
-51829.94
-34718.52
-111373.38
-50858.98
-171551.96
-111490.86
-59871.20
-171954.29
-35386.39
-60651.19
-50695.90
-35499.58
-111474.77
-49431.51
-172188.18
-110752.18
-61346.42
-173186.50
-36001.69
-62010.53
-49341.39
-36661.51
-110781.68
-48905.80
-173219.76
-109905.67
-62924.09
-174688.54
-37067.60
-63517.94
-47636.57
-37218.87
-109497.98
-47859.73
-174094.16
-109630.48
-64653.05
-174294.79
-37747.27
-65250.64
-47040.05
-37826.66
-108879.46
-46774.51
-172839.42
-108397.20
-65840.19
-172356.63
-38175.89
-66228.58
-44001.64
-38312.68
-107672.47
-44135.22
-171845.93
-107088.28
-66990.32
-171555.72
-38787.97
-67454.35
-43689.97
-39032.05
-106646.79
-42189.01
-171000.50
-106461.72
-68140.46
-170710.29
-39449.40
-68491.29
-42381.59
-39616.77
-105184.98
-40894.57
-170140.05
-104902.82
-69271.81
-170600.32
-40036.80
-69654.83
-40857.02
-41154.21
-104511.75
-40128.53
-171637.79
-103490.90
-70527.62
-171820.18
-41394.54
-71076.40
-39177.42
-41579.61
-102750.08
-39698.84
-172957.44
-102650.83
-72172.35
-173039.52
-42302.20
-72405.70
-39771.80
-42624.60
-101220.68
-39684.36
-173907.48
-100909.54
-73215.73
-172511.12
-43091.84
-73733.40
-38168.91
-43675.49
-100552.81
-37496.75
-172782.02
-100232.02
-74609.41
-172849.08
-44122.34
-74754.78
-36883.60
-44408.80
-98707.45
-35767.80
-171006.94
-98002.56
-74852.95
-171109.40
-44980.11
-75346.48
-35210.43
-44957.58
-97235.99
-34608.01
-170056.36
-96724.76
-76033.66
-170098.74
-45572.88
-76450.48
-34675.07
-45905.48
-95664.75
-34495.89
-171260.14
-95761.31
-77652.11
-169187.33
-46695.12
-77846.30
-33254.03
-47308.27
-94538.76
-32820.05
-170042.42
-94504.43
-78930.98
-168914.82
-47751.91
-79339.22
-32687.55
-48614.51
-93584.43
-32302.92
-170572.96
-93510.40
-80690.51
-170491.95
-49462.62
-81220.52
-31546.00
-50083.29
-93164.93
-32059.38
-172308.35
-92853.80
-82775.66
-171882.95
-51392.20
-83244.51
-31389.90
-51528.46
-91747.12
-30207.58
-171007.47
-91515.37
-84388.74
-172769.69
-52844.89
-85120.45
-30257.47
-52808.41
-90922.07
-29393.26
-171104.57
-90517.59
-85637.58
-171362.60
-53988.58
-86031.33
-28880.96
-54304.55
-89473.68
-28799.95
-170630.89
-89840.60
-87440.02
-170259.67
-55174.12
-87740.43
-28313.94
-55677.84
-88368.61
-27869.76
-169670.66
-87802.12
-88443.71
-168759.78
-56053.35
-88833.16
-26959.96
-56358.58
-86518.42
-26421.37
-166873.12
-85705.17
-89181.85
-165935.42
-56694.93
-89908.73
-26831.21
-57740.46
-85089.34
-25448.80
-165168.31
-84430.05
-90583.57
-166809.28
-58285.48
-90974.64
-25675.18
-59067.08
-83239.15
-24942.94
-165187.08
-82720.41
-91316.89
-166367.25
-60060.03
-91906.44
-24486.96
-60090.07
-82160.90
-24651.65
-164532.09
-81793.44
-92286.24
-165313.68
-61175.29
-92521.20
-24044.40
-61453.71
-80685.68
-24249.85
-165514.85
-80418.00
-93201.95
-166355.99
-62573.26
-93638.61
-24316.91
-63617.71
-79694.34
-23884.00
-166055.04
-79344.04
-94654.63
-165868.36
-64568.83
-95329.47
-24049.76
-65158.37
-78421.90
-23208.62
-164507.41
-77692.34
-95367.03
-165073.89
-65443.23
-96173.83
-23049.83
-66451.74
-77060.41
-22523.58
-163373.91
-77153.22
-96646.98
-163425.41
-66844.95
-96961.87
-22170.07
-67362.61
-76411.85
-22151.29
-162746.27
-75565.35
-97623.84
-162962.99
-68255.25
-97960.72
-21997.87
-68816.37
-75259.04
-21758.08
-161258.18
-74823.98
-126451.69
-115827.99
-123620.88
-19196.57
-116542.00
-42015.20
-19295.28
-125080.00
-42128.39
-124319.87
-124609.01
-117164.27
-123987.81
-19310.30
-118119.67
-41609.65
-19631.63
-123416.50
-41252.92
-124403.01
-123115.55
-119257.46
-124934.09
-19654.69
-119643.70
-40946.07
-19972.27
-122041.60
-40873.65
-125566.02
-121739.58
-120501.47
-126176.49
-20355.29
-121181.68
-40482.05
-20351.00
-121130.18
-40406.95
-126159.33
-120603.93
-122191.26
-126215.12
-20485.64
-122773.30
-39901.08
-20547.87
-119179.14
-39728.35
-126553.61
-118909.85
-123677.75
-127028.90
-20890.12
-123862.82
-39271.30
-20904.60
-117841.26
-39286.86
-127004.76
-117979.66
-125093.95
-126985.45
-21331.07
-125460.88
-38791.72
-21623.97
-118380.92
-38748.27
-127676.38
-116434.17
-126504.26
-127193.59
-21924.92
-127459.66
-38084.69
-22313.30
-118440.46
-38066.99
-127895.79
-116130.54
-128294.90
-128118.95
-22451.70
-128790.57
-37356.20
-22536.46
-115555.48
-36951.19
-127341.64
-114902.63
-129453.61
-127527.79
-22657.70
-130071.06
-36401.34
-22953.81
-113381.82
-36219.48
-127902.23
-112973.58
-130961.02
-127912.95
-23464.50
-131670.19
-35686.80
-23356.68
-111914.11
-35643.34
-127763.29
-111423.27
-131843.46
-127391.00
-23550.87
-132097.74
-35066.67
-23715.56
-109428.78
-35253.89
-127981.62
-109372.99
-133156.67
-127891.50
-24076.58
-133416.31
-34725.49
-24266.48
-108652.55
-35093.49
-128766.97
-107888.65
-134096.52
-127652.78
-24360.90
-134462.37
-34400.41
-24593.71
-106862.44
-34299.56
-128140.41
-104895.31
-135045.48
-128249.84
-24810.97
-135456.94
-34148.82
-24917.19
-105054.09
-33977.69
-128062.08
-103482.85
-136920.35
-128074.96
-25313.62
-138220.15
-33720.74
-25393.55
-102722.18
-33611.84
-128221.94
-103351.96
-138432.04
-127806.74
-25885.47
-139142.83
-32916.61
-26277.60
-103398.63
-33065.20
-128186.54
-103106.81
-139659.42
-127695.16
-26534.02
-140294.57
-32527.69
-26835.50
-101737.27
-32357.64
-127753.09
-101883.19
-140712.46
-127117.41
-27171.85
-140778.98
-31643.10
-27467.97
-100301.75
-31900.59
-127808.88
-99901.03
-141965.58
-128109.29
-28187.87
-143311.52
-31858.21
-28281.22
-99376.93
-31519.71
-128010.59
-97955.36
-143110.35
-127986.98
-28632.58
-143773.93
-31407.06
-28988.78
-98011.15
-31460.17
-128738.54
-97508.50
-145330.68
-129045.38
-29362.68
-145427.24
-31446.76
-29607.30
-95295.68
-31348.05
-129203.10
-95857.87
-146004.46
-128973.50
-30087.41
-146712.56
-31154.93
-30189.34
-93196.05
-31020.82
-128855.48
-93440.66
-146680.37
-129010.51
-30554.12
-147439.97
-31036.38
-30893.15
-91729.41
-30931.77
-128805.59
-92063.08
-147854.11
-128503.04
-31224.14
-149062.71
-30689.30
-31581.94
-91206.38
-30520.86
-128217.12
-89628.17
-148672.18
-128040.63
-31897.37
-149532.10
-30116.38
-32335.64
-89601.35
-30019.29
-127379.73
-89278.95
-150265.41
-127302.48
-32656.44
-151072.76
-30003.73
-32955.77
-88652.38
-29660.94
-126941.46
-87417.49
-151055.59
-127106.15
-33464.32
-152375.24
-29657.73
-33674.60
-87062.91
-29364.29
-125969.42
-86336.56
-151821.09
-126140.01
-34203.53
-153149.86
-29349.81
-34523.79
-86381.09
-29419.54
-126092.81
-85472.89
-153856.89
-125789.72
-34989.96
-154143.89
-29566.53
-35376.20
-84478.33
-29336.40
-126040.77
-83617.34
-154590.74
-126447.39
-35889.03
-154353.10
-29257.00
-36228.07
-82495.10
-29231.25
-125677.60
-80685.68
-154402.45
-126124.46
-36755.39
-155253.79
-29238.23
-36992.49
-79366.04
-29079.98
-125279.56
-79780.17
-155456.03
-125406.70
-37430.77
-155929.17
-29255.39
-37653.93
-77814.65
-29329.42
-125098.78
-78151.53
-156467.75
-125152.96
-38190.37
-157252.03
-29219.99
-38513.31
-76608.73
-29216.23
-124557.51
-76828.13
-158148.96
-124627.78
-39137.19
-159045.89
-29553.12
-39787.36
-76638.23
-29469.97
-124674.99
-76479.98
-159552.83
-123920.75
-40270.15
-160376.27
-29557.95
-40621.52
-76474.08
-29334.25
-124224.92
-75412.46
-160741.59
-124695.38
-41489.49
-162635.76
-29574.58
-41816.72
-75270.84
-29294.02
-123597.28
-73223.24
-161749.56
-124114.41
-42711.50
-162304.24
-29527.37
-42912.13
-72707.72
-29534.34
-123779.13
-72151.43
-163093.88
-124006.58
-43590.73
-162750.56
-29409.35
-43878.26
-71275.96
-29571.89
-122726.63
-71749.64
-164065.38
-122882.74
-44797.19
-163953.26
-29698.49
-45186.11
-69411.82
-29927.02
-122744.34
-69154.87
-164816.94
-121842.58
-45664.08
-164782.60
-30010.70
-46126.49
-68733.22
-29909.85
-121663.94
-66952.77
-164688.19
-121589.91
-46813.14
-165134.51
-30245.67
-47089.94
-65306.97
-30409.28
-121506.23
-63911.68
-165065.84
-121447.22
-47696.12
-165926.30
-30731.15
-48082.36
-64358.54
-30638.34
-120864.11
-62935.36
-165710.11
-120443.00
-48482.01
-166374.23
-31024.04
-49020.59
-62007.85
-30993.47
-120169.95
-61589.96
-166838.79
-119823.41
-49665.93
-166819.47
-31212.33
-50163.22
-61546.51
-31217.70
-118859.96
-61613.57
-167590.34
-118575.65
-50641.72
-167583.37
-31387.21
-51260.78
-60630.81
-31448.37
-117776.88
-61011.68
-169002.79
-117504.37
-51790.24
-168223.34
-31628.08
-52311.13
-59724.22
-31741.27
-116715.80
-59215.14
-168217.98
-116863.32
-52885.66
-168936.27
-32040.06
-53360.95
-59037.04
-32048.11
-116376.77
-57358.51
-168909.99
-116268.95
-54327.08
-168964.17
-32451.51
-54801.29
-56946.52
-32829.17
-115791.51
-55211.67
-168749.59
-115391.86
-55489.01
-169492.03
-33020.14
-56061.93
-54730.48
-33221.31
-115555.48
-54139.32
-169675.49
-115089.31
-56767.89
-170187.26
-33763.65
-57133.20
-52855.62
-33931.56
-114283.58
-52025.21
-170219.98
-114408.03
-57834.33
-171062.73
-34493.75
-58429.78
-52080.46
-34736.76
-114064.17
-51032.79
-171498.86
-113843.16
-59222.11
-170891.60
-35102.61
-59495.16
-50626.70
-35356.35
-112467.18
-49568.84
-172316.39
-112575.54
-60465.58
-35439.50
-86125.74
-29189.41
-126401.80
-85425.15
-154341.30
-126268.22
-35957.16
-154978.59
-29202.82
-36385.78
-84326.52
-29343.91
-126459.20
-83482.16
-155276.32
-126295.58
-36774.16
-155218.38
-29307.96
-37069.74
-82455.94
-29389.50
-126534.30
-81117.52
-156654.44
-126217.80
-37514.45
-156239.77
-29467.82
-37914.64
-80468.43
-29393.80
-126066.52
-79805.38
-158048.11
-126101.39
-38714.47
-159294.27
-29703.86
-39111.98
-78953.51
-29556.87
-126264.47
-79002.33
-159458.42
-126474.75
-39576.54
-159834.46
-29665.24
-39981.01
-76799.16
-29620.71
-125809.57
-77295.91
-159339.86
-125502.18
-40162.87
-159780.28
-29717.81
-40627.96
-77298.05
-29564.38
-124947.50
-76221.42
-159787.79
-124670.16
-41009.37
-160174.57
-29380.92
-41396.68
-74974.19
-29347.13
-124038.23
-74584.19
-160797.91
-124352.05
-41997.50
-160386.46
-29575.65
-42355.30
-72561.27
-29508.59
-123669.16
-72319.34
-161413.21
-123655.21
-42850.44
-161755.46
-29803.64
-43295.69
-71748.56
-29671.67
-123109.65
-70892.94
-162338.04
-123001.83
-43969.99
-163217.27
-29789.15
-44476.93
-72143.38
-29977.98
-123261.47
-71332.28
-164300.34
-122556.05
-45180.21
-163562.20
-29825.63
-45600.24
-69915.00
-29950.09
-122617.74
-69206.37
-163983.30
-122463.24
-46206.96
-164470.93
-30248.88
-46543.84
-67408.75
-30164.13
-121983.66
-66848.17
-164266.55
-121379.09
-46933.30
-164623.82
-30487.06
-47466.52
-65817.13
-30195.24
-120752.53
-64768.38
-164457.52
-120779.89
-48058.22
-165190.30
-30654.43
-48401.00
-63808.69
-30707.01
-120330.88
-62646.22
-165282.57
-120313.18
-49043.66
-165239.65
-30841.65
-49293.11
-64061.35
-31146.89
-119740.26
-62997.59
-166791.04
-119987.03
-50042.52
-166331.31
-31301.92
-50310.74
-61904.86
-31415.11
-119178.07
-62312.01
-168094.06
-119581.48
-51272.04
-168318.29
-31853.38
-51450.14
-60202.19
-31854.45
-117881.49
-60309.48
-168143.41
-117568.75
-52015.55
-169230.78
-32046.50
-52604.03
-60795.49
-32150.57
-117938.89
-59575.09
-169386.35
-117512.96
-53428.00
-168712.58
-32117.85
-53613.07
-59020.41
-32225.67
-116721.17
-58257.05
-168883.16
-116696.49
-54366.77
-169412.10
-32432.74
-54826.50
-57700.22
-32388.75
-115721.78
-56484.65
-168847.22
-116439.54
-55629.02
-169809.06
-32807.18
-56019.01
-55297.50
-33257.25
-115914.90
-55891.88
-170423.83
-114870.44
-56610.17
-170143.27
-33295.87
-56919.70
-53502.03
-33632.22
-114817.87
-53738.60
-170600.32
-114487.42
-57653.55
-171510.12
-34170.81
-58417.45
-53191.43
-34247.52
-114051.30
-52996.16
-171433.95
-113676.86
-58943.70
-171028.40
-34409.53
-59438.83
-52891.02
-35072.03
-113624.29
-50904.04
-170892.14
-113070.14
-60286.41
-172393.64
-35369.22
-60465.58
-51252.19
-35447.54
-112207.01
-50739.89
-172749.84
-111755.32
-61423.13
-173092.09
-35840.75
-61997.12
-50516.19
-36009.20
-111411.47
-49479.79
-172631.82
-110692.63
-62595.79
-174309.27
-36704.43
-63232.55
-48692.29
-36633.08
-110696.39
-48749.15
-172901.11
-110070.90
-63920.27
-172652.21
-36962.99
-64237.30
-47189.18
-37080.47
-109337.04
-47618.34
-173456.87
-108884.82
-65174.47
-172434.95
-37518.21
-65553.73
-46900.04
-37718.30
-108174.04
-46615.73
-173585.61
-107903.67
-66371.27
-172989.09
-38222.56
-66329.96
-45979.51
-38732.71
-106930.03
-44545.06
-173747.08
-106670.93
-67571.29
-172970.85
-39131.82
-67691.99
-43406.73
-39500.36
-106138.24
-42315.07
-172852.30
-105521.33
-68784.19
-172814.75
-40049.68
-69136.63
-42254.45
-40397.83
-105231.66
-41579.07
-173438.63
-105024.59
-70099.00
-172949.93
-40904.23
-70382.25
-40442.89
-41147.24
-104454.35
-39919.86
-172736.96
-104402.85
-71122.00
-173056.68
-41884.84
-71569.93
-38864.14
-42127.85
-103425.46
-39114.12
-173331.88
-103459.25
-72448.62
-172953.69
-42755.49
-72782.82
-39157.04
-42985.09
-102245.28
-38788.50
-173324.90
-101722.25
-73504.87
-172505.76
-43274.77
-73807.96
-38455.37
-43559.62
-100307.66
-36992.49
-172128.10
-100023.88
-74585.27
-171532.65
-43831.06
-74885.14
-37420.58
-44379.30
-98926.85
-36765.58
-172139.90
-99596.33
-75989.67
-172661.33
-44732.81
-76311.54
-36415.28
-45060.58
-97831.98
-35385.85
-170975.29
-97517.62
-76859.24
-171851.30
-45805.70
-77692.34
-34435.81
-46398.47
-96960.79
-34796.30
-172182.28
-96662.53
-78397.22
-172682.25
-47207.96
-78991.06
-35112.27
-47799.65
-96557.39
-32726.17
-171240.83
-95494.70
-79835.96
-171540.16
-48486.30
-80365.97
-33192.88
-48656.35
-95280.66
-32573.82
-172342.14
-94606.35
-81307.42
-171218.30
-49507.15
-81690.98
-32115.17
-50018.91
-93945.45
-30847.55
-170709.75
-93340.35
-82553.04
-170982.80
-50787.10
-83053.00
-30263.90
-51100.38
-92955.72
-29477.48
-169567.13
-92126.38
-83607.68
-170367.50
-51953.32
-84188.65
-29718.34
-52260.70
-91376.97
-30497.79
-171458.09
-91283.63
-85171.95
-169735.57
-52703.80
-85467.53
-29379.31
-53178.02
-90250.44
-29253.78
-169946.93
-89328.84
-85961.05
-168698.09
-53933.87
-86584.40
-29272.56
-54610.85
-88884.66
-28886.86
-170106.25
-87909.95
-87000.68
-170174.38
-55250.29
-87450.75
-27492.65
-55659.60
-86691.15
-27275.39
-168621.38
-87160.54
-88493.60
-169657.25
-56681.52
-88907.73
-27926.63
-57235.13
-86293.11
-27344.05
-169651.89
-85738.97
-89670.01
-169637.40
-58045.69
-90267.61
-26860.72
-58324.64
-84867.79
-26453.56
-168870.29
-84668.77
-91225.16
-168186.33
-59280.04
-91626.42
-25082.41
-59638.39
-83479.47
-25642.99
-167692.80
-83119.52
-92177.88
-166808.74
-60928.53
-92721.29
-24694.56
-60862.55
-82653.35
-24127.55
-164639.91
-82007.48
-93223.40
-164059.48
-61695.64
-93309.23
-23797.10
-62494.94
-81192.09
-22630.87
-163061.70
-81101.43
-94410.55
-164374.91
-63120.97
-94870.28
-22864.23
-63802.79
-80625.07
-22383.57
-163015.56
-79811.28
-95171.22
-163453.30
-64308.11
-95806.91
-22983.85
-65216.31
-79161.65
-22497.84
-162517.21
-79180.43
-96576.70
-164490.78
-66059.60
-96738.17
-22745.67
-66951.16
-77691.80
-22939.86
-164296.05
-77764.76
-97813.74
-164721.99
-67583.09
-97989.69
-22535.92
-67955.92
-76372.69
-22595.47
-163895.86
-75836.25
-98879.65
-164041.78
-69621.57
-99206.88
-22190.45
-69247.67
-75405.49
-22196.36
-163150.75
-75020.86
-100350.03
-161904.59
-70318.95
-100336.09
-22040.25
-70567.85
-73901.30
-21745.21
-162507.02
-73103.62
-101057.60
-162139.55
-72322.56
-101486.22
-21152.98
-72811.25
-72083.84
-20960.93
-161142.31
-71476.05
-102444.84
-160456.20
-73582.12
-103184.06
-20962.54
-74483.88
-71032.41
-21133.66
-161546.25
-70998.08
-103913.62
-160823.66
-75636.69
-104391.59
-20167.53
-75947.83
-70361.86
-19870.88
-158698.82
-70097.93
-105072.33
-157194.63
-76967.07
-105443.55
-19280.26
-77303.42
-70022.83
-19001.31
-155953.31
-69619.43
-106433.82
-155310.11
-78068.38
-106652.15
-19095.18
-78581.22
-68414.58
-18835.01
-155218.92
-67886.18
-106956.85
-155612.13
-79921.79
-107107.59
-18978.78
-80119.74
-66868.02
-18964.29
-154868.62
-66637.35
-107512.61
-155302.60
-81273.63
-107799.60
-18895.63
-82027.33
-65074.15
-18843.59
-153939.50
-65053.77
-108286.69
-155645.39
-83437.10
-108669.71
-19078.02
-83285.28
-64651.44
-19095.18
-154017.29
-64172.39
-109089.21
-153633.20
-84433.80
-109408.93
-18918.70
-84601.17
-62781.94
-18812.48
-152780.79
-62575.41
-110164.77
-152653.12
-85949.25
-110231.29
-18537.29
-86207.82
-61358.76
-18301.79
-150968.69
-60563.75
-110784.37
-150161.34
-87252.81
-110922.23
-17991.72
-87376.72
-60194.14
-18020.16
-149322.35
-59981.71
-112017.64
-147783.30
-88897.54
-112364.19
-17500.34
-89806.81
-59123.40
-17512.68
-147054.81
-58666.36
-112701.07
-147186.24
-91125.92
-112763.30
-17372.67
-91244.47
-58304.26
-17672.00
-146976.49
-58048.37
-114022.86
-146208.30
-92727.20
-114508.88
-17433.82
-93518.45
-57566.11
-17516.97
-145862.84
-57128.91
-114984.17
-144686.95
-94138.57
-115068.39
-17478.35
-94695.94
-55942.30
-17788.95
-145404.71
-55482.57
-115405.28
-144641.89
-96058.50
-115826.92
-17783.58
-96385.19
-55006.21
-18107.06
-145563.50
-54781.98
-116585.98
-144543.72
-97720.40
-116585.45
-17976.70
-97754.19
-53817.46
-17758.37
-143012.18
-53514.90
-117253.32
-142043.91
-98311.56
-117487.21
-17871.02
-99261.06
-52523.02
-18005.13
-142297.64
-53012.26
-118453.87
-140232.88
-100018.51
-118360.53
-17482.10
-100831.76
-51421.71
-17802.90
-140513.97
-51635.75
-119077.76
-139039.83
-102259.77
-119382.99
-17585.10
-102280.15
-50998.99
-18099.01
-139201.84
-50618.12
-120242.91
-136572.20
-103569.76
-120374.87
-17792.17
-104720.96
-50402.47
-17915.55
-136796.97
-49499.10
-120537.41
-135315.85
-105354.50
-121055.62
-17938.08
-106052.95
-49106.42
-17795.92
-134385.66
-49118.76
-121214.40
-133559.00
-106155.94
-121351.20
-18215.42
-107309.29
-48179.99
-18045.90
-133937.20
-47861.88
-121406.45
-134710.21
-108301.18
-121646.24
-18042.15
-108240.02
-47078.67
-18243.32
-132950.14
-47006.26
-121813.07
-132164.26
-109686.80
-121843.11
-18089.36
-110628.26
-45873.29
-18652.08
-132506.51
-45815.89
-122125.28
-132294.07
-112204.33
-122159.61
-18696.07
-112172.14
-45263.36
-18909.04
-132062.33
-44481.22
-122097.39
-130520.06
-113780.39
-122318.94
-19137.03
-114331.32
-44136.83
-19226.08
-130969.60
-43594.48
-122969.11
-128957.41
-114810.36
-123278.10
-19043.15
-115826.38
-42957.73
-19015.79
-126853.48
-42501.22
-123084.44
-126451.69
-115827.99
-123620.88
-19196.57
-116542.00
-42015.20
-19295.28
-125080.00
-42128.39
-124319.87
-124609.01
-117164.27
-123987.81
-19310.30
-118119.67
-41609.65
-19631.63
-123416.50
-41252.92
-124403.01
-123115.55
-119257.46
-124934.09
-19654.69
-119643.70
-40946.07
-19972.27
-122041.60
-40873.65
-125566.02
-121739.58
-120501.47
-126176.49
-20355.29
-121181.68
-40482.05
-20351.00
-121130.18
-40406.95
-126159.33
-120603.93
-122191.26
-126215.12
-20485.64
-122773.30
-39901.08
-20547.87
-119179.14
-39728.35
-126553.61
-118909.85
-123677.75
-127028.90
-20890.12
-123862.82
-39271.30
-20904.60
-117841.26
-39286.86
-127004.76
-117979.66
-125093.95
-126985.45
-21331.07
-125460.88
-38791.72
-21623.97
-118380.92
-38748.27
-127676.38
-116434.17
-126504.26
-127193.59
-21924.92
-127459.66
-38084.69
-22313.30
-118440.46
-38066.99
-127895.79
-116130.54
-128294.90
-128118.95
-22451.70
-128790.57
-37356.20
-22536.46
-115555.48
-36951.19
-127341.64
-114902.63
-129453.61
-127527.79
-22657.70
-130071.06
-36401.34
-22953.81
-113381.82
-36219.48
-127902.23
-112973.58
-130961.02
-127912.95
-23464.50
-131670.19
-35686.80
-23356.68
-111914.11
-35643.34
-127763.29
-111423.27
-131843.46
-127391.00
-23550.87
-132097.74
-35066.67
-23715.56
-109428.78
-35253.89
-127981.62
-109372.99
-133156.67
-127891.50
-24076.58
-133416.31
-34725.49
-24266.48
-108652.55
-35093.49
-128766.97
-107888.65
-134096.52
-127652.78
-24360.90
-134462.37
-34400.41
-24593.71
-106862.44
-34299.56
-128140.41
-104895.31
-135045.48
-128249.84
-24810.97
-135456.94
-34148.82
-24917.19
-105054.09
-33977.69
-128062.08
-103482.85
-136920.35
-128074.96
-25313.62
-138220.15
-33720.74
-25393.55
-102722.18
-33611.84
-128221.94
-103351.96
-138432.04
-127806.74
-25885.47
-139142.83
-32916.61
-26277.60
-103398.63
-33065.20
-128186.54
-103106.81
-139659.42
-127695.16
-26534.02
-140294.57
-32527.69
-26835.50
-101737.27
-32357.64
-127753.09
-101883.19
-140712.46
-127117.41
-27171.85
-140778.98
-31643.10
-27467.97
-100301.75
-31900.59
-127808.88
-99901.03
-141965.58
-128109.29
-28187.87
-143311.52
-31858.21
-28281.22
-99376.93
-31519.71
-128010.59
-97955.36
-143110.35
-127986.98
-28632.58
-143773.93
-31407.06
-28988.78
-98011.15
-31460.17
-128738.54
-97508.50
-145330.68
-129045.38
-29362.68
-145427.24
-31446.76
-29607.30
-95295.68
-31348.05
-129203.10
-95857.87
-146004.46
-128973.50
-30087.41
-146712.56
-31154.93
-30189.34
-93196.05
-31020.82
-128855.48
-93440.66
-146680.37
-129010.51
-30554.12
-147439.97
-31036.38
-30893.15
-91729.41
-30931.77
-128805.59
-92063.08
-147854.11
-128503.04
-31224.14
-149062.71
-30689.30
-31581.94
-91206.38
-30520.86
-128217.12
-89628.17
-148672.18
-128040.63
-31897.37
-149532.10
-30116.38
-32335.64
-89601.35
-30019.29
-127379.73
-89278.95
-150265.41
-127302.48
-32656.44
-151072.76
-30003.73
-32955.77
-88652.38
-29660.94
-126941.46
-87417.49
-151055.59
-127106.15
-33464.32
-152375.24
-29657.73
-33674.60
-87062.91
-29364.29
-125969.42
-86336.56
-151821.09
-126140.01
-34203.53
-153149.86
-29349.81
-34523.79
-86381.09
-29419.54
-126092.81
-85472.89
-153856.89
-125789.72
-34989.96
-154143.89
-29566.53
-35376.20
-84478.33
-29336.40
-126040.77
-83617.34
-154590.74
-126447.39
-35889.03
-154353.10
-29257.00
-36228.07
-82495.10
-29231.25
-125677.60
-80685.68
-154402.45
-126124.46
-36755.39
-155253.79
-29238.23
-36992.49
-79366.04
-29079.98
-125279.56
-79780.17
-155456.03
-125406.70
-37430.77
-155929.17
-29255.39
-37653.93
-77814.65
-29329.42
-125098.78
-78151.53
-156467.75
-125152.96
-38190.37
-157252.03
-29219.99
-38513.31
-76608.73
-29216.23
-124557.51
-76828.13
-158148.96
-124627.78
-39137.19
-159045.89
-29553.12
-39787.36
-76638.23
-29469.97
-124674.99
-76479.98
-159552.83
-123920.75
-40270.15
-160376.27
-29557.95
-40621.52
-76474.08
-29334.25
-124224.92
-75412.46
-160741.59
-124695.38
-41489.49
-162635.76
-29574.58
-41816.72
-75270.84
-29294.02
-123597.28
-73223.24
-161749.56
-124114.41
-42711.50
-162304.24
-29527.37
-42912.13
-72707.72
-29534.34
-123779.13
-72151.43
-163093.88
-124006.58
-43590.73
-162750.56
-29409.35
-43878.26
-71275.96
-29571.89
-122726.63
-71749.64
-164065.38
-122882.74
-44797.19
-163953.26
-29698.49
-45186.11
-69411.82
-29927.02
-122744.34
-69154.87
-164816.94
-121842.58
-45664.08
-164782.60
-30010.70
-46126.49
-68733.22
-29909.85
-121663.94
-66952.77
-164688.19
-121589.91
-46813.14
-165134.51
-30245.67
-47089.94
-65306.97
-30409.28
-121506.23
-63911.68
-165065.84
-121447.22
-47696.12
-165926.30
-30731.15
-48082.36
-64358.54
-30638.34
-120864.11
-62935.36
-165710.11
-120443.00
-48482.01
-166374.23
-31024.04
-49020.59
-62007.85
-30993.47
-120169.95
-61589.96
-166838.79
-119823.41
-49665.93
-166819.47
-31212.33
-50163.22
-61546.51
-31217.70
-118859.96
-61613.57
-167590.34
-118575.65
-50641.72
-167583.37
-31387.21
-51260.78
-60630.81
-31448.37
-117776.88
-61011.68
-169002.79
-117504.37
-51790.24
-168223.34
-31628.08
-52311.13
-59724.22
-31741.27
-116715.80
-59215.14
-168217.98
-116863.32
-52885.66
-168936.27
-32040.06
-53360.95
-59037.04
-32048.11
-116376.77
-57358.51
-168909.99
-116268.95
-54327.08
-168964.17
-32451.51
-54801.29
-56946.52
-32829.17
-115791.51
-55211.67
-168749.59
-115391.86
-55489.01
-169492.03
-33020.14
-56061.93
-54730.48
-33221.31
-115555.48
-54139.32
-169675.49
-115089.31
-56767.89
-170187.26
-33763.65
-57133.20
-52855.62
-33931.56
-114283.58
-52025.21
-170219.98
-114408.03
-57834.33
-171062.73
-34493.75
-58429.78
-52080.46
-34736.76
-114064.17
-51032.79
-171498.86
-113843.16
-59222.11
-170891.60
-35102.61
-59495.16
-50626.70
-35356.35
-112467.18
-49568.84
-172316.39
-112575.54
-60465.58
-172341.07
-35792.47
-60951.06
-50039.83
-36022.07
-111791.27
-49465.30
-173201.52
-111656.08
-61973.52
-173325.44
-36208.22
-62390.87
-49294.72
-36570.31
-110625.58
-48662.25
-173424.68
-110448.02
-63337.15
-173456.87
-36867.50
-63711.59
-48313.03
-37188.30
-109919.08
-47997.60
-173478.33
-109256.58
-64478.70
-173341.00
-37502.65
-64970.62
-46083.04
-37719.91
-108993.72
-45928.54
-173162.90
-108249.14
-65709.84
-172934.91
-38181.79
-66177.61
-44419.00
-38401.73
-107265.84
-43834.27
-173143.05
-107245.46
-67012.32
-173451.50
-38955.34
-67615.28
-43865.92
-38964.99
-106337.80
-43012.45
-173615.12
-106443.48
-68656.51
-173472.43
-39960.09
-69165.60
-42043.09
-40067.38
-105548.16
-41185.86
-173116.23
-105588.93
-69718.13
-173145.20
-40534.62
-70311.97
-40278.20
-41127.39
-105272.42
-40722.91
-174390.28
-104810.55
-71169.21
-173110.33
-41532.40
-71748.56
-38936.02
-42285.03
-103473.20
-38463.42
-172790.61
-102278.54
-71720.13
-172302.45
-42938.42
-72388.54
-38077.18
-43228.63
-102282.83
-37577.22
-172529.90
-102061.28
-73133.66
-173781.42
-43829.45
-73678.68
-37433.99
-44124.49
-100836.59
-36442.64
-172871.61
-100727.69
-74412.00
-172840.50
-44726.91
-74784.29
-36902.37
-44930.23
-100071.62
-36529.55
-173953.61
-99391.41
-75422.12
-174705.17
-45337.92
-75933.88
-36218.95
-45641.01
-98774.50
-35488.85
-173633.36
-98323.89
-76611.41
-173424.68
-46460.16
-77505.66
-34751.78
-46716.58
-97696.26
-34511.45
-172983.73
-96943.63
-77933.20
-171255.85
-47031.47
-78733.04
-33262.61
-47351.72
-96710.28
-32696.67
-171488.13
-96267.18
-79618.17
-171289.11
-48283.52
-80261.90
-32332.96
-48677.27
-94857.94
-31781.50
-171553.57
-94429.33
-80645.45
-170185.65
-49287.74
-80856.27
-31074.47
-49742.11
-93437.44
-30111.02
-169323.05
-93541.51
-82018.74
-171726.84
-50523.17
-82587.91
-30218.31
-51206.59
-93229.84
-29775.74
-170341.21
-92880.62
-83252.56
-170645.91
-51548.84
-83410.81
-29763.40
-51876.07
-91517.52
-29078.90
-169735.03
-91461.19
-84292.18
-170009.69
-52817.53
-84780.35
-28826.24
-53063.22
-90523.49
-28673.35
-170346.58
-89792.86
-85528.15
-170261.28
-54382.33
-86091.95
-28140.13
-54202.62
-89377.12
-27496.40
-168954.51
-88876.08
-86791.47
-169617.02
-55044.84
-87403.01
-27722.24
-55531.39
-87957.15
-27146.10
-169135.29
-87639.04
-88098.24
-169639.01
-56682.59
-88162.08
-27635.88
-57150.37
-86719.05
-26001.87
-167926.15
-85589.30
-89040.77
-168669.12
-57730.26
-89331.52
-25777.64
-58202.33
-85007.80
-25740.63
-167888.07
-84612.98
-90465.02
-168627.28
-59375.53
-90968.20
-25170.39
-59575.09
-83581.40
-25154.30
-167454.62
-83162.44
-91578.67
-166548.57
-60284.80
-92225.09
-24424.73
-60433.93
-82541.24
-23595.40
-164449.47
-82253.70
-92592.01
-165262.18
-61468.19
-93279.73
-24285.26
-61881.79
-82278.92
-23618.46
-165523.43
-82021.43
-94197.05
-164753.64
-62959.50
-94179.88
-23164.63
-63185.88
-81003.26
-22839.55
-164460.20
-80684.61
-95297.82
-164087.37
-64473.34
-95548.88
-22804.14
-64947.55
-80200.74
-22730.65
-164727.89
-78910.06
-96042.94
-164025.15
-66020.44
-96666.29
-22152.37
-66680.80
-78274.38
-22047.22
-163719.38
-77520.68
-97357.23
-162684.58
-67425.38
-97544.98
-21913.65
-68064.28
-76309.39
-21915.26
-163026.83
-75926.37
-98452.64
-163070.82
-69072.79
-98679.55
-22251.07
-69264.84
-75058.95
-21664.74
-162884.67
-74368.55
-99340.45
-161925.51
-70325.38
-99759.95
-21253.83
-70677.29
-73426.02
-20313.44
-159823.20
-72818.23
-100490.05
-160331.75
-71697.60
-100922.95
-20047.91
-71893.40
-71946.51
-19927.21
-159101.68
-71939.00
-101703.48
-158549.15
-73405.10
-102337.55
-19720.14
-73799.92
-71271.67
-19944.37
-159413.36
-71511.46
-103511.29
-159241.16
-75109.37
-103653.44
-19892.34
-75881.31
-70403.17
-19910.04
-159780.82
-70008.35
-104615.28
-158238.55
-76977.80
-105080.38
-19640.21
-77231.00
-69746.56
-19322.10
-157981.59
-68989.11
-105688.17
-157049.26
-78044.78
-106055.63
-18940.69
-78649.89
-68423.70
-19347.31
-157569.07
-67687.16
-106533.60
-155823.49
-79781.78
-106788.95
-18947.66
-80595.03
-66648.61
-18226.15
-154186.27
-66224.28
-107280.33
-156228.50
-81488.20
-107857.54
-18909.04
-82263.90
-65762.41
-18727.72
-155107.34
-65627.76
-108802.21
-154082.73
-83000.97
-108794.17
-18417.66
-83552.97
-64663.78
-18982.00
-154854.14
-64581.16
-109756.54
-153152.54
-84343.15
-109409.46
-18563.57
-84849.55
-62825.39
-18332.36
-152392.94
-62805.54
-110360.04
-152366.66
-86476.57
-110718.92
-18614.00
-86693.83
-61985.32
-18328.07
-151948.23
-61178.51
-110971.58
-148876.57
-87278.56
-111305.25
-17954.71
-88267.22
-60181.27
-17609.78
-148737.63
-60052.52
-112004.23
-148103.55
-88728.02
-112351.85
-17566.86
-89350.83
-59490.87
-17184.38
-146202.94
-58743.60
-112706.97
-147225.40
-89926.43
-113114.67
-17171.50
-91051.35
-58416.91
-17341.02
-145920.77
-57759.77
-113507.88
-145360.73
-91863.52
-114060.95
-17190.82
-92736.85
-56919.16
-17100.69
-144523.88
-56702.44
-114013.21
-143424.17
-94135.36
-114231.54
-17147.36
-94690.57
-56143.47
-17287.38
-144425.71
-55632.78
-115071.61
-143542.19
-96077.27
-115340.90
-17145.22
-96877.65
-54949.35
-17205.84
-143319.56
-54681.67
-116079.05
-143217.64
-97880.26
-116614.95
-17160.78
-97953.75
-53772.93
-17102.30
-141225.83
-53290.14
-116719.02
-140841.20
-98638.78
-116716.88
-17519.12
-99982.04
-52300.94
-17350.68
-140821.89
-52011.26
-117347.73
-141018.23
-100637.03
-118281.14
-17094.79
-101308.12
-51554.21
-17528.24
-139361.70
-51137.93
-118585.30
-138343.53
-101849.39
-119421.62
-17124.30
-102988.79
-50482.40
-17457.96
-137488.98
-50442.17
-119929.63
-136262.14
-104289.66
-120113.09
-17694.53
-104796.60
-49646.09
-17886.58
-137082.89
-49581.71
-120716.59
-135094.30
-104965.58
-120178.54
-17991.72
-105932.25
-48447.14
-17723.50
-134313.78
-48191.79
-121314.72
-135167.79
-107347.92
-121398.40
-17892.48
-108104.84
-47590.98
-17952.56
-133119.66
-47380.69
-121728.32
-132937.27
-109030.20
-121998.15
-17830.79
-109621.90
-46633.96
-18160.70
-131512.48
-46966.02
-122800.13
-130311.92
-110846.59
-122310.35
-18176.80
-111440.43
-45800.87
-18266.92
-130038.34
-45831.45
-123288.29
-128625.35
-112589.49
-123348.91
-18271.75
-113155.44
-44924.86
-18669.79
-129259.42
-44557.40
-123409.52
-126888.35
-114213.84
-123659.51
-18903.67
-115396.16
-43422.29
-18833.94
-127106.15
-43182.50
-123345.69
-126962.92
-115608.05
-123295.80
-19026.52
-116707.22
-42569.88
-19204.08
-125684.04
-42081.18
-123358.56
-125113.26
-116848.84
-123540.42
-19172.97
-117455.02
-41488.41
-19441.19
-123617.13
-41248.09
-123851.02
-122424.62
-118758.04
-124333.81
-19347.31
-119665.16
-40747.05
-19841.38
-122370.44
-40652.64
-124620.27
-120146.35
-120124.89
-124451.29
-19601.05
-119938.21
-39917.71
-20030.74
-119931.24
-39784.67
-124938.38
-118356.24
-121813.61
-124884.20
-20098.33
-121719.20
-39417.21
-20102.62
-117247.95
-39076.57
-125278.49
-116504.98
-122848.41
-124884.74
-20514.61
-124004.44
-38631.32
-20705.05
-116353.70
-38389.93
-125757.53
-115425.12
-125353.59
-126171.66
-21065.54
-126697.91
-38069.13
-21145.47
-114697.17
-37474.76
-125528.47
-114769.06
-126929.12
-126064.38
-21287.09
-126882.45
-36849.26
-21592.32
-113436.53
-36776.85
-125923.83
-113261.65
-128118.41
-126093.88
-21950.66
-129471.32
-36175.49
-22205.47
-111886.75
-36222.70
-126860.45
-110351.99
-129809.81
-126879.23
-22555.77
-130400.43
-35826.81
-22899.09
-110765.59
-35795.69
-127424.79
-109824.67
-131035.05
-126566.48
-22986.00
-130824.76
-35320.41
-23231.15
-108528.09
-35298.95
-127720.91
-107472.91
-132331.09
-127608.79
-23665.67
-133189.93
-34850.48
-23818.56
-107048.05
-34641.81
-127590.55
-106787.87
-134207.03
-128218.19
-24189.24
-135108.79
-34422.94
-24493.40
-105728.94
-34252.89
-128192.98
-106220.85
-135526.67
-127993.96
-24805.07
-136438.62
-33648.85
-25158.59
-105095.40
-33547.47
-128058.87
-104297.17
-137233.09
-127961.77
-25387.65
-137015.30
-33074.86
-25841.48
-103668.46
-32910.17
-127771.87
-101324.21
-137890.24
-127784.21
-26164.42
-139139.07
-32670.92
-26402.06
-101498.56
-32586.70
-127960.16
-99940.73
-140013.47
-128229.45
-26836.58
-141174.87
-32430.06
-26966.40
-99419.84
-32001.44
-127292.83
-99329.72
-141291.81
-127586.80
-27179.36
-142139.39
-31579.26
-27343.51
-96290.24
-31708.54
-127465.02
-96540.76
-142305.69
-127329.84
-27764.09
-142534.21
-31297.09
-28194.31
-95969.99
-31403.84
-127596.45
-95960.87
-143691.85
-127008.51
-28756.50
-144651.01
-31061.06
-28935.14
-94503.35
-30900.66
-127145.31
-93556.53
-144436.44
-126656.61
-29298.31
-145591.40
-30869.55
-29776.82
-93581.75
-30390.50
-126794.47
-91327.08
-145189.60
-127336.82
-30171.64
-146375.67
-30495.65
-30293.41
-90323.40
-30355.64
-127342.18
-90001.53
-146379.43
-127472.54
-30865.79
-147321.42
-30083.12
-31019.75
-88361.09
-29981.74
-127014.41
-89615.83
-148531.10
-126981.69
-31646.85
-148493.01
-29824.56
-31984.81
-88122.91
-29674.89
-126778.92
-88221.08
-149531.56
-126764.43
-32542.71
-149992.36
-29684.55
-32941.82
-87481.33
-29687.77
-126626.03
-86651.45
-151357.07
-126562.19
-33297.48
-151176.83
-29756.97
-33697.67
-85266.90
-29718.34
-127238.65
-84519.10
-152634.34
-127430.16
-34435.81
-153831.14
-29899.66
-34713.69
-83307.28
-29510.74
-126769.80
-81854.06
-153060.81
-126944.14
-35172.88
-154062.35
-29542.39
-35366.00
-80938.89
-29454.41
-126673.24
-81459.77
-153896.59
-126610.47
-36000.61
-154668.53
-29241.98
-36169.06
-80080.58
-29121.82
-125112.19
-80392.25
-155713.52
-125051.57
-36873.94
-156089.56
-29105.73
-37217.80
-79432.02
-29096.07
-125115.95
-79867.61
-157203.75
-124938.38
-37839.00
-156437.71
-28878.81
-38285.32
-78603.22
-28874.52
-124372.44
-77795.34
-157882.89
-124010.34
-38897.94
-157904.88
-29030.09
-39359.28
-77096.89
-28714.12
-123594.60
-75681.76
-158784.65
-123695.98
-39872.11
-158646.78
-29040.28
-40265.86
-74899.09
-29042.43
