   6.8477094e-05
  -3.0382263e-05
  -2.8538585e-04
  -8.2654475e-04
  -1.6925792e-03
  -2.8138931e-03
  -3.9870855e-03
  -4.9018476e-03
  -5.2223139e-03
  -4.7064656e-03
  -3.3182749e-03
  -1.2853637e-03
   9.3536770e-04
   2.7854421e-03
   3.7896319e-03
   3.7290140e-03
   2.7317739e-03
   1.2363403e-03
  -1.6674111e-04
  -9.5764930e-04
  -8.8507364e-04
  -5.6865339e-05
   1.1174953e-03
   2.1088806e-03
   2.4980110e-03
   2.1516407e-03
   1.2691394e-03
   2.7935536e-04
  -3.6250586e-04
  -3.8441596e-04
   1.8424744e-04
   1.0380466e-03
   1.7504748e-03
   1.9813633e-03
   1.6374015e-03
   9.0837349e-04
   1.6523316e-04
  -2.2825427e-04
  -9.4770905e-05
   4.7378155e-04
   1.1703282e-03
   1.6326795e-03
   1.6282506e-03
   1.1685007e-03
   4.9737504e-04
  -3.9354682e-05
  -1.7384869e-04
   1.4690572e-04
   7.3819231e-04
   1.2777462e-03
   1.4765544e-03
   1.2292186e-03
   6.6669099e-04
   8.3613614e-05
  -2.1909170e-04
  -9.3802951e-05
   3.7755739e-04
   9.2917802e-04
   1.2550023e-03
   1.1721739e-03
   7.1819398e-04
   1.2903791e-04
  -2.8844265e-04
  -3.2221822e-04
   3.1360045e-05
   5.6602334e-04
   9.7789595e-04
   1.0298632e-03
   6.8028344e-04
   1.0525491e-04
  -3.9668242e-04
  -5.6705981e-04
  -3.2802303e-04
   1.7452229e-04
   6.5013091e-04
   8.2168807e-04
   5.7725940e-04
   3.1888760e-05
  -5.3389458e-04
  -8.2709432e-04
  -7.0260050e-04
  -2.4414498e-04
   2.8023686e-04
   5.6380394e-04
   4.2978241e-04
  -7.0414155e-05
  -6.8304329e-04
  -1.0900670e-03
  -1.0835065e-03
  -6.8155855e-04
  -1.2077511e-04
   2.7176492e-04
   2.5829224e-04
  -1.7744801e-04
  -8.1813203e-04
  -1.3302119e-03
  -1.4465263e-03
  -1.1152113e-03
  -5.3107510e-04
  -3.1488865e-05
   8.8622909e-05
  -2.5953863e-04
  -9.0613650e-04
  -1.5131378e-03
  -1.7587522e-03
  -1.5162239e-03
  -9.2681287e-04
  -3.2591095e-04
  -5.9859458e-05
  -2.9427343e-04
  -9.1895829e-04
  -1.6047588e-03
  -1.9823115e-03
  -1.8466090e-03
  -1.2732924e-03
  -5.8164739e-04
  -1.6120010e-04
  -2.5681845e-04
  -8.2990044e-04
  -1.5750591e-03
  -2.0848024e-03
  -2.0743735e-03
  -1.5419516e-03
  -7.7501528e-04
  -1.9555558e-04
  -1.2816847e-04
  -6.1752312e-04
  -1.3985377e-03
  -2.0377347e-03
  -2.1713633e-03
  -1.7087785e-03
  -8.8828140e-04
  -1.5061816e-04
   1.0206545e-04
  -2.6910169e-04
  -1.0576122e-03
  -1.8195349e-03
  -2.1160941e-03
  -1.7576356e-03
  -9.1422402e-04
  -2.7823085e-05
   4.2805371e-04
   2.1141570e-04
  -5.4924087e-04
  -1.4189444e-03
  -1.8925357e-03
  -1.6742512e-03
  -8.4675606e-04
   1.6755139e-04
   8.3468445e-04
   8.0434526e-04
   1.0842062e-04
  -8.4888163e-04
  -1.5088542e-03
  -1.4661290e-03
  -6.9781920e-04
   4.1610551e-04
   1.2959624e-03
   1.4813255e-03
   8.8970332e-04
  -1.2954179e-04
  -9.8114425e-04
  -1.1503056e-03
  -4.9143768e-04
   6.8318764e-04
   1.7676106e-03
   2.1938277e-03
   1.7488291e-03
   7.0090017e-04
  -3.4000937e-04
  -7.5485324e-04
  -2.6055648e-04
   9.2523600e-04
   2.1945798e-03
   2.8799264e-03
   2.6247076e-03
   1.5888930e-03
   3.7063210e-04
  -3.1768390e-04
  -4.4425804e-05
   1.0946256e-03
   2.5179666e-03
   3.4721837e-03
   3.4481299e-03
   2.4703929e-03
   1.0951155e-03
   1.1167155e-04
   1.0727526e-04
   1.1350078e-03
   2.6719949e-03
   3.8982665e-03
   4.1472641e-03
   3.2812933e-03
   1.7801063e-03
   4.8738995e-04
   1.4809607e-04
   9.9062064e-04
   2.5872647e-03
   4.0778981e-03
   4.6397512e-03
   3.9475886e-03
   2.3666166e-03
   7.6490048e-04
   4.0393949e-05
   6.2045531e-04
   2.2118707e-03
   3.9474916e-03
   4.8564714e-03
   4.4040161e-03
   2.8004044e-03
   9.0180813e-04
  -2.5226675e-04
  -1.4950718e-05
   1.4967867e-03
   3.4486159e-03
   4.7368287e-03
   4.5982815e-03
   3.0451713e-03
   8.7800800e-04
  -7.4173239e-04
  -9.3124979e-04
   4.1290546e-04
   2.5369373e-03
   4.2286223e-03
   4.4830332e-03
   3.0696991e-03
   6.8222966e-04
  -1.4248596e-03
  -2.1224028e-03
  -1.0416393e-03
   1.1987802e-03
   3.3114119e-03
   4.0417401e-03
   2.8708927e-03
   3.2699394e-04
  -2.2804923e-03
  -3.5708725e-03
  -2.8629630e-03
  -5.7672158e-04
   1.9691904e-03
   3.2689842e-03
   2.4671381e-03
  -1.4261130e-04
  -3.2465606e-03
  -5.2150831e-03
  -5.0056772e-03
  -2.7654440e-03
   2.1326087e-04
   2.1802358e-03
   1.8934250e-03
  -6.6781512e-04
  -4.2502702e-03
  -6.9862581e-03
  -7.4200113e-03
  -5.3383556e-03
  -1.9340131e-03
   8.1369842e-04
   1.2211927e-03
  -1.1434650e-03
  -5.1716725e-03
  -8.7786037e-03
  -1.0036703e-02
  -8.2642332e-03
  -4.4572195e-03
  -7.9659379e-04
   5.2947033e-04
  -1.4445010e-03
  -5.8671106e-03
  -1.0471181e-02
  -1.2787546e-02
  -1.1525221e-02
  -7.3510055e-03
  -2.6038733e-03
  -5.6244658e-05
  -1.3730645e-03
  -6.1198004e-03
  -1.1902612e-02
  -1.5618002e-02
  -1.5165670e-02
  -1.0686516e-02
  -4.6051450e-03
  -3.8890862e-04
  -6.4978153e-04
  -5.6187463e-03
  -1.2871294e-02
  -1.8532806e-02
  -1.9376511e-02
  -1.4691261e-02
  -6.8545674e-03
  -2.0318276e-04
   1.2809635e-03
  -3.7468532e-03
  -1.3027194e-02
  -2.1686967e-02
  -2.4784120e-02
  -2.0105254e-02
  -9.6695924e-03
   1.0151628e-03
   5.7326262e-03
   1.0128579e-03
  -1.1596334e-02
  -2.5826494e-02
  -3.3664754e-02
  -2.9666235e-02
  -1.4389264e-02
   5.0303402e-03
   1.7844106e-02
   1.5079102e-02
  -5.1593688e-03
  -3.5221533e-02
  -5.9905075e-02
  -6.2483935e-02
  -3.2340499e-02
   2.9223906e-02
   1.0785068e-01
   1.8055307e-01
   2.2413102e-01
   2.2413102e-01
   1.8055307e-01
   1.0785068e-01
   2.9223906e-02
  -3.2340499e-02
  -6.2483935e-02
  -5.9905075e-02
  -3.5221533e-02
  -5.1593688e-03
   1.5079102e-02
   1.7844106e-02
   5.0303402e-03
  -1.4389264e-02
  -2.9666235e-02
  -3.3664754e-02
  -2.5826494e-02
  -1.1596334e-02
   1.0128579e-03
   5.7326262e-03
   1.0151628e-03
  -9.6695924e-03
  -2.0105254e-02
  -2.4784120e-02
  -2.1686967e-02
  -1.3027194e-02
  -3.7468532e-03
   1.2809635e-03
  -2.0318276e-04
  -6.8545674e-03
  -1.4691261e-02
  -1.9376511e-02
  -1.8532806e-02
  -1.2871294e-02
  -5.6187463e-03
  -6.4978153e-04
  -3.8890862e-04
  -4.6051450e-03
  -1.0686516e-02
  -1.5165670e-02
  -1.5618002e-02
  -1.1902612e-02
  -6.1198004e-03
  -1.3730645e-03
  -5.6244658e-05
  -2.6038733e-03
  -7.3510055e-03
  -1.1525221e-02
  -1.2787546e-02
  -1.0471181e-02
  -5.8671106e-03
  -1.4445010e-03
   5.2947033e-04
  -7.9659379e-04
  -4.4572195e-03
  -8.2642332e-03
  -1.0036703e-02
  -8.7786037e-03
  -5.1716725e-03
  -1.1434650e-03
   1.2211927e-03
   8.1369842e-04
  -1.9340131e-03
  -5.3383556e-03
  -7.4200113e-03
  -6.9862581e-03
  -4.2502702e-03
  -6.6781512e-04
   1.8934250e-03
   2.1802358e-03
   2.1326087e-04
  -2.7654440e-03
  -5.0056772e-03
  -5.2150831e-03
  -3.2465606e-03
  -1.4261130e-04
   2.4671381e-03
   3.2689842e-03
   1.9691904e-03
  -5.7672158e-04
  -2.8629630e-03
  -3.5708725e-03
  -2.2804923e-03
   3.2699394e-04
   2.8708927e-03
   4.0417401e-03
   3.3114119e-03
   1.1987802e-03
  -1.0416393e-03
  -2.1224028e-03
  -1.4248596e-03
   6.8222966e-04
   3.0696991e-03
   4.4830332e-03
   4.2286223e-03
   2.5369373e-03
   4.1290546e-04
  -9.3124979e-04
  -7.4173239e-04
   8.7800800e-04
   3.0451713e-03
   4.5982815e-03
   4.7368287e-03
   3.4486159e-03
   1.4967867e-03
  -1.4950718e-05
  -2.5226675e-04
   9.0180813e-04
   2.8004044e-03
   4.4040161e-03
   4.8564714e-03
   3.9474916e-03
   2.2118707e-03
   6.2045531e-04
   4.0393949e-05
   7.6490048e-04
   2.3666166e-03
   3.9475886e-03
   4.6397512e-03
   4.0778981e-03
   2.5872647e-03
   9.9062064e-04
   1.4809607e-04
   4.8738995e-04
   1.7801063e-03
   3.2812933e-03
   4.1472641e-03
   3.8982665e-03
   2.6719949e-03
   1.1350078e-03
   1.0727526e-04
   1.1167155e-04
   1.0951155e-03
   2.4703929e-03
   3.4481299e-03
   3.4721837e-03
   2.5179666e-03
   1.0946256e-03
  -4.4425804e-05
  -3.1768390e-04
   3.7063210e-04
   1.5888930e-03
   2.6247076e-03
   2.8799264e-03
   2.1945798e-03
   9.2523600e-04
  -2.6055648e-04
  -7.5485324e-04
  -3.4000937e-04
   7.0090017e-04
   1.7488291e-03
   2.1938277e-03
   1.7676106e-03
   6.8318764e-04
  -4.9143768e-04
  -1.1503056e-03
  -9.8114425e-04
  -1.2954179e-04
   8.8970332e-04
   1.4813255e-03
   1.2959624e-03
   4.1610551e-04
  -6.9781920e-04
  -1.4661290e-03
  -1.5088542e-03
  -8.4888163e-04
   1.0842062e-04
   8.0434526e-04
   8.3468445e-04
   1.6755139e-04
  -8.4675606e-04
  -1.6742512e-03
  -1.8925357e-03
  -1.4189444e-03
  -5.4924087e-04
   2.1141570e-04
   4.2805371e-04
  -2.7823085e-05
  -9.1422402e-04
  -1.7576356e-03
  -2.1160941e-03
  -1.8195349e-03
  -1.0576122e-03
  -2.6910169e-04
   1.0206545e-04
  -1.5061816e-04
  -8.8828140e-04
  -1.7087785e-03
  -2.1713633e-03
  -2.0377347e-03
  -1.3985377e-03
  -6.1752312e-04
  -1.2816847e-04
  -1.9555558e-04
  -7.7501528e-04
  -1.5419516e-03
  -2.0743735e-03
  -2.0848024e-03
  -1.5750591e-03
  -8.2990044e-04
  -2.5681845e-04
  -1.6120010e-04
  -5.8164739e-04
  -1.2732924e-03
  -1.8466090e-03
  -1.9823115e-03
  -1.6047588e-03
  -9.1895829e-04
  -2.9427343e-04
  -5.9859458e-05
  -3.2591095e-04
  -9.2681287e-04
  -1.5162239e-03
  -1.7587522e-03
  -1.5131378e-03
  -9.0613650e-04
  -2.5953863e-04
   8.8622909e-05
  -3.1488865e-05
  -5.3107510e-04
  -1.1152113e-03
  -1.4465263e-03
  -1.3302119e-03
  -8.1813203e-04
  -1.7744801e-04
   2.5829224e-04
   2.7176492e-04
  -1.2077511e-04
  -6.8155855e-04
  -1.0835065e-03
  -1.0900670e-03
  -6.8304329e-04
  -7.0414155e-05
   4.2978241e-04
   5.6380394e-04
   2.8023686e-04
  -2.4414498e-04
  -7.0260050e-04
  -8.2709432e-04
  -5.3389458e-04
   3.1888760e-05
   5.7725940e-04
   8.2168807e-04
   6.5013091e-04
   1.7452229e-04
  -3.2802303e-04
  -5.6705981e-04
  -3.9668242e-04
   1.0525491e-04
   6.8028344e-04
   1.0298632e-03
   9.7789595e-04
   5.6602334e-04
   3.1360045e-05
  -3.2221822e-04
  -2.8844265e-04
   1.2903791e-04
   7.1819398e-04
   1.1721739e-03
   1.2550023e-03
   9.2917802e-04
   3.7755739e-04
  -9.3802951e-05
  -2.1909170e-04
   8.3613614e-05
   6.6669099e-04
   1.2292186e-03
   1.4765544e-03
   1.2777462e-03
   7.3819231e-04
   1.4690572e-04
  -1.7384869e-04
  -3.9354682e-05
   4.9737504e-04
   1.1685007e-03
   1.6282506e-03
   1.6326795e-03
   1.1703282e-03
   4.7378155e-04
  -9.4770905e-05
  -2.2825427e-04
   1.6523316e-04
   9.0837349e-04
   1.6374015e-03
   1.9813633e-03
   1.7504748e-03
   1.0380466e-03
   1.8424744e-04
  -3.8441596e-04
  -3.6250586e-04
   2.7935536e-04
   1.2691394e-03
   2.1516407e-03
   2.4980110e-03
   2.1088806e-03
   1.1174953e-03
  -5.6865339e-05
  -8.8507364e-04
  -9.5764930e-04
  -1.6674111e-04
   1.2363403e-03
   2.7317739e-03
   3.7290140e-03
   3.7896319e-03
   2.7854421e-03
   9.3536770e-04
  -1.2853637e-03
  -3.3182749e-03
  -4.7064656e-03
  -5.2223139e-03
  -4.9018476e-03
  -3.9870855e-03
  -2.8138931e-03
  -1.6925792e-03
  -8.2654475e-04
  -2.8538585e-04
  -3.0382263e-05
   6.8477094e-05
