  -9.8993130e-03
   1.1495584e-02
  -1.5004324e-03
   7.8267583e-04
   5.4781493e-03
   3.3320445e-03
  -1.4064048e-03
  -1.5385601e-03
   1.7557231e-03
   2.5805336e-03
   1.7070151e-05
  -1.6177326e-03
  -2.4759763e-04
   1.3627378e-03
   7.4210385e-04
  -6.8681981e-04
  -6.0967915e-04
   4.3835958e-04
   5.2978870e-04
  -2.8479273e-04
  -4.0465539e-04
   3.3547663e-04
   4.8418095e-04
  -3.3676533e-04
  -6.7724655e-04
   1.9912670e-04
   9.0499042e-04
   1.5522051e-04
  -9.7302858e-04
  -6.3895696e-04
   7.6883079e-04
   1.0803346e-03
  -2.7356266e-04
  -1.2800617e-03
  -3.7525693e-04
   1.1155464e-03
   9.6161928e-04
  -6.1211540e-04
  -1.2644282e-03
  -6.4961616e-05
   1.1803836e-03
   6.7065774e-04
  -7.5509535e-04
  -1.0029776e-03
   1.7882561e-04
   9.7949920e-04
   3.2419425e-04
  -6.8465083e-04
  -5.8519706e-04
   2.9557120e-04
   5.8643120e-04
  -5.3239538e-06
  -4.2949879e-04
  -1.0787500e-04
   2.8889502e-04
   7.9238737e-05
  -2.6681630e-04
  -6.3940333e-05
   3.6652005e-04
   1.7886934e-04
  -4.4921037e-04
  -4.5184319e-04
   3.4125752e-04
   7.8170392e-04
   1.1655955e-05
  -9.2341257e-04
  -5.6818534e-04
   7.2317963e-04
   1.0891128e-03
  -1.5227740e-04
  -1.2984016e-03
  -6.1704569e-04
   1.0171231e-03
   1.2777107e-03
  -2.9128680e-04
  -1.5139458e-03
  -6.1841631e-04
   1.1804174e-03
   1.3376230e-03
  -3.8026880e-04
  -1.5578233e-03
  -5.5977880e-04
   1.1863457e-03
   1.2521711e-03
  -3.9420053e-04
  -1.4218832e-03
  -4.6535403e-04
   1.0434244e-03
   1.0267628e-03
  -3.4399357e-04
  -1.0974580e-03
  -3.2139975e-04
   7.4379708e-04
   6.6768249e-04
  -2.3237084e-04
  -6.2241866e-04
  -1.3950685e-04
   3.3684344e-04
   2.0726765e-04
  -8.1372877e-05
  -2.7518341e-05
   7.3245327e-05
  -1.6073334e-04
  -3.2689385e-04
   9.9777916e-05
   6.3068529e-04
   2.9868905e-04
  -6.8287177e-04
  -8.7455423e-04
   2.8062684e-04
   1.2849534e-03
   5.2222185e-04
  -1.1806213e-03
  -1.3921382e-03
   4.4330251e-04
   1.8612211e-03
   7.1363642e-04
  -1.5939210e-03
  -1.7979137e-03
   5.6728481e-04
   2.2827776e-03
   8.4690604e-04
  -1.8566575e-03
  -2.0443877e-03
   6.2926557e-04
   2.4820275e-03
   9.0026182e-04
  -1.9330888e-03
  -2.0835634e-03
   6.2644154e-04
   2.4129452e-03
   8.5569818e-04
  -1.7883471e-03
  -1.8753155e-03
   5.4895759e-04
   2.0476081e-03
   7.0511436e-04
  -1.4107101e-03
  -1.4246291e-03
   3.9140225e-04
   1.3955709e-03
   4.5433091e-04
  -8.2143113e-04
  -7.5217771e-04
   1.6786444e-04
   5.0237736e-04
   1.2003909e-04
  -6.1983161e-05
   9.5999170e-05
  -1.0311579e-04
  -5.6397476e-04
  -2.6557939e-04
   8.0208637e-04
   1.0331500e-03
  -4.0095592e-04
  -1.6968319e-03
  -6.6594242e-04
   1.6801409e-03
   1.9601241e-03
  -6.9296230e-04
  -2.7664151e-03
  -1.0329013e-03
   2.4675725e-03
   2.7711228e-03
  -9.3792270e-04
  -3.6431124e-03
  -1.3216231e-03
   3.0678008e-03
   3.3559163e-03
  -1.1073420e-03
  -4.2006166e-03
  -1.4885016e-03
   3.3801119e-03
   3.6147638e-03
  -1.1693604e-03
  -4.3315041e-03
  -1.4972708e-03
   3.3306051e-03
   3.4760175e-03
  -1.1012561e-03
  -3.9617635e-03
  -1.3333475e-03
   2.8793202e-03
   2.9105136e-03
  -8.8745590e-04
  -3.0756523e-03
  -9.9077937e-04
   2.0242579e-03
   1.9232811e-03
  -5.3852700e-04
  -1.7001364e-03
  -4.8532467e-04
   8.0562673e-04
   5.7149529e-04
  -7.0699297e-05
   7.1273788e-05
   1.4276353e-04
  -6.8831541e-04
  -1.0399160e-03
   4.8007990e-04
   2.0928230e-03
   8.3743745e-04
  -2.3249683e-03
  -2.7591145e-03
   1.0658829e-03
   4.1664799e-03
   1.5281291e-03
  -3.9356637e-03
  -4.4067899e-03
   1.6200794e-03
   6.0661357e-03
   2.1400464e-03
  -5.3345917e-03
  -5.7879741e-03
   2.0754631e-03
   7.5496330e-03
   2.5910690e-03
  -6.3310165e-03
  -6.7038024e-03
   2.3625463e-03
   8.3786228e-03
   2.8055706e-03
  -6.7406599e-03
  -6.9744224e-03
   2.4179149e-03
   8.3486488e-03
   2.7201279e-03
  -6.4118320e-03
  -6.4536653e-03
   2.1880264e-03
   7.3010727e-03
   2.2932956e-03
  -5.2390073e-03
  -5.0498818e-03
   1.6392850e-03
   5.1528733e-03
   1.5091527e-03
  -3.1734166e-03
  -2.7361869e-03
   7.6073006e-04
   1.9018777e-03
   3.7424367e-04
  -2.3966777e-04
   4.4435965e-04
  -4.3161929e-04
  -2.3718612e-03
  -1.0711648e-03
   3.4713458e-03
   4.3758095e-03
  -1.9017452e-03
  -7.4922086e-03
  -2.7602847e-03
   7.7973109e-03
   8.8731099e-03
  -3.5816264e-03
  -1.3210115e-02
  -4.6052983e-03
   1.2515615e-02
   1.3697210e-02
  -5.3842765e-03
  -1.9210110e-02
  -6.4997295e-03
   1.7363089e-02
   1.8569643e-02
  -7.2074465e-03
  -2.5140613e-02
  -8.3276218e-03
   2.2047639e-02
   2.3191964e-02
  -8.9400412e-03
  -3.0631885e-02
  -9.9766172e-03
   2.6274478e-02
   2.7271952e-02
  -1.0472036e-02
  -3.5334029e-02
  -1.1338075e-02
   2.9771285e-02
   3.0545385e-02
  -1.1702575e-02
  -3.8936293e-02
  -1.2324536e-02
   3.2305664e-02
   3.2794925e-02
  -1.2548228e-02
  -4.1199869e-02
  -1.2871293e-02
   3.3703402e-02
   3.3869862e-02
  -1.2947395e-02
   9.5802826e-01
  -1.2947395e-02
   3.3869862e-02
   3.3703402e-02
  -1.2871293e-02
  -4.1199869e-02
  -1.2548228e-02
   3.2794925e-02
   3.2305664e-02
  -1.2324536e-02
  -3.8936293e-02
  -1.1702575e-02
   3.0545385e-02
   2.9771285e-02
  -1.1338075e-02
  -3.5334029e-02
  -1.0472036e-02
   2.7271952e-02
   2.6274478e-02
  -9.9766172e-03
  -3.0631885e-02
  -8.9400412e-03
   2.3191964e-02
   2.2047639e-02
  -8.3276218e-03
  -2.5140613e-02
  -7.2074465e-03
   1.8569643e-02
   1.7363089e-02
  -6.4997295e-03
  -1.9210110e-02
  -5.3842765e-03
   1.3697210e-02
   1.2515615e-02
  -4.6052983e-03
  -1.3210115e-02
  -3.5816264e-03
   8.8731099e-03
   7.7973109e-03
  -2.7602847e-03
  -7.4922086e-03
  -1.9017452e-03
   4.3758095e-03
   3.4713458e-03
  -1.0711648e-03
  -2.3718612e-03
  -4.3161929e-04
   4.4435965e-04
  -2.3966777e-04
   3.7424367e-04
   1.9018777e-03
   7.6073006e-04
  -2.7361869e-03
  -3.1734166e-03
   1.5091527e-03
   5.1528733e-03
   1.6392850e-03
  -5.0498818e-03
  -5.2390073e-03
   2.2932956e-03
   7.3010727e-03
   2.1880264e-03
  -6.4536653e-03
  -6.4118320e-03
   2.7201279e-03
   8.3486488e-03
   2.4179149e-03
  -6.9744224e-03
  -6.7406599e-03
   2.8055706e-03
   8.3786228e-03
   2.3625463e-03
  -6.7038024e-03
  -6.3310165e-03
   2.5910690e-03
   7.5496330e-03
   2.0754631e-03
  -5.7879741e-03
  -5.3345917e-03
   2.1400464e-03
   6.0661357e-03
   1.6200794e-03
  -4.4067899e-03
  -3.9356637e-03
   1.5281291e-03
   4.1664799e-03
   1.0658829e-03
  -2.7591145e-03
  -2.3249683e-03
   8.3743745e-04
   2.0928230e-03
   4.8007990e-04
  -1.0399160e-03
  -6.8831541e-04
   1.4276353e-04
   7.1273788e-05
  -7.0699297e-05
   5.7149529e-04
   8.0562673e-04
  -4.8532467e-04
  -1.7001364e-03
  -5.3852700e-04
   1.9232811e-03
   2.0242579e-03
  -9.9077937e-04
  -3.0756523e-03
  -8.8745590e-04
   2.9105136e-03
   2.8793202e-03
  -1.3333475e-03
  -3.9617635e-03
  -1.1012561e-03
   3.4760175e-03
   3.3306051e-03
  -1.4972708e-03
  -4.3315041e-03
  -1.1693604e-03
   3.6147638e-03
   3.3801119e-03
  -1.4885016e-03
  -4.2006166e-03
  -1.1073420e-03
   3.3559163e-03
   3.0678008e-03
  -1.3216231e-03
  -3.6431124e-03
  -9.3792270e-04
   2.7711228e-03
   2.4675725e-03
  -1.0329013e-03
  -2.7664151e-03
  -6.9296230e-04
   1.9601241e-03
   1.6801409e-03
  -6.6594242e-04
  -1.6968319e-03
  -4.0095592e-04
   1.0331500e-03
   8.0208637e-04
  -2.6557939e-04
  -5.6397476e-04
  -1.0311579e-04
   9.5999170e-05
  -6.1983161e-05
   1.2003909e-04
   5.0237736e-04
   1.6786444e-04
  -7.5217771e-04
  -8.2143113e-04
   4.5433091e-04
   1.3955709e-03
   3.9140225e-04
  -1.4246291e-03
  -1.4107101e-03
   7.0511436e-04
   2.0476081e-03
   5.4895759e-04
  -1.8753155e-03
  -1.7883471e-03
   8.5569818e-04
   2.4129452e-03
   6.2644154e-04
  -2.0835634e-03
  -1.9330888e-03
   9.0026182e-04
   2.4820275e-03
   6.2926557e-04
  -2.0443877e-03
  -1.8566575e-03
   8.4690604e-04
   2.2827776e-03
   5.6728481e-04
  -1.7979137e-03
  -1.5939210e-03
   7.1363642e-04
   1.8612211e-03
   4.4330251e-04
  -1.3921382e-03
  -1.1806213e-03
   5.2222185e-04
   1.2849534e-03
   2.8062684e-04
  -8.7455423e-04
  -6.8287177e-04
   2.9868905e-04
   6.3068529e-04
   9.9777916e-05
  -3.2689385e-04
  -1.6073334e-04
   7.3245327e-05
  -2.7518341e-05
  -8.1372877e-05
   2.0726765e-04
   3.3684344e-04
  -1.3950685e-04
  -6.2241866e-04
  -2.3237084e-04
   6.6768249e-04
   7.4379708e-04
  -3.2139975e-04
  -1.0974580e-03
  -3.4399357e-04
   1.0267628e-03
   1.0434244e-03
  -4.6535403e-04
  -1.4218832e-03
  -3.9420053e-04
   1.2521711e-03
   1.1863457e-03
  -5.5977880e-04
  -1.5578233e-03
  -3.8026880e-04
   1.3376230e-03
   1.1804174e-03
  -6.1841631e-04
  -1.5139458e-03
  -2.9128680e-04
   1.2777107e-03
   1.0171231e-03
  -6.1704569e-04
  -1.2984016e-03
  -1.5227740e-04
   1.0891128e-03
   7.2317963e-04
  -5.6818534e-04
  -9.2341257e-04
   1.1655955e-05
   7.8170392e-04
   3.4125752e-04
  -4.5184319e-04
  -4.4921037e-04
   1.7886934e-04
   3.6652005e-04
  -6.3940333e-05
  -2.6681630e-04
   7.9238737e-05
   2.8889502e-04
  -1.0787500e-04
  -4.2949879e-04
  -5.3239538e-06
   5.8643120e-04
   2.9557120e-04
  -5.8519706e-04
  -6.8465083e-04
   3.2419425e-04
   9.7949920e-04
   1.7882561e-04
  -1.0029776e-03
  -7.5509535e-04
   6.7065774e-04
   1.1803836e-03
  -6.4961616e-05
  -1.2644282e-03
  -6.1211540e-04
   9.6161928e-04
   1.1155464e-03
  -3.7525693e-04
  -1.2800617e-03
  -2.7356266e-04
   1.0803346e-03
   7.6883079e-04
  -6.3895696e-04
  -9.7302858e-04
   1.5522051e-04
   9.0499042e-04
   1.9912670e-04
  -6.7724655e-04
  -3.3676533e-04
   4.8418095e-04
   3.3547663e-04
  -4.0465539e-04
  -2.8479273e-04
   5.2978870e-04
   4.3835958e-04
  -6.0967915e-04
  -6.8681981e-04
   7.4210385e-04
   1.3627378e-03
  -2.4759763e-04
  -1.6177326e-03
   1.7070151e-05
   2.5805336e-03
   1.7557231e-03
  -1.5385601e-03
  -1.4064048e-03
   3.3320445e-03
   5.4781493e-03
   7.8267583e-04
  -1.5004324e-03
   1.1495584e-02
  -9.8993130e-03
