   1.3547179e-02
  -1.0327884e-03
  -9.9421973e-04
  -9.5769987e-04
  -9.2225435e-04
  -8.8873333e-04
  -8.5613158e-04
  -8.2533832e-04
  -7.9528962e-04
  -7.6691807e-04
  -7.3919768e-04
  -7.1296853e-04
  -6.8730479e-04
  -6.6300465e-04
  -6.3907631e-04
  -6.1647640e-04
  -5.9412328e-04
  -5.7294554e-04
  -5.5186914e-04
  -5.3192049e-04
  -5.1195057e-04
  -4.9302836e-04
  -4.7392057e-04
  -4.5583709e-04
  -4.3743214e-04
  -4.2001155e-04
  -4.0209089e-04
  -3.8517389e-04
  -3.6763912e-04
  -3.5109087e-04
  -3.3367563e-04
  -3.1741813e-04
  -3.0004027e-04
  -2.8393922e-04
  -2.6646477e-04
  -2.5050828e-04
  -2.3268246e-04
  -2.1703125e-04
  -1.9840979e-04
  -1.8395117e-04
  -1.6516568e-04
  -1.3866961e-04
  -1.4072184e-04
  -1.1532787e-04
  -9.4384716e-05
  -7.2899717e-05
  -5.6558017e-05
  -3.9270464e-05
  -2.3786229e-05
  -6.0187466e-06
   1.1255824e-05
   3.0610796e-05
   4.9431798e-05
   6.9531347e-05
   8.8727055e-05
   1.0863710e-04
   1.2738257e-04
   1.4661780e-04
   1.6480752e-04
   1.8348487e-04
   2.0125239e-04
   2.1958149e-04
   2.3717802e-04
   2.5540139e-04
   2.7290040e-04
   2.9097226e-04
   3.0826556e-04
   3.2605523e-04
   3.4289508e-04
   3.6006335e-04
   3.7618250e-04
   3.9255420e-04
   4.0757788e-04
   4.2286833e-04
   4.3665417e-04
   4.5067328e-04
   4.6304848e-04
   4.7577661e-04
   4.8648197e-04
   4.9807630e-04
   5.0656500e-04
   5.1700549e-04
   5.2610558e-04
   5.2938116e-04
   5.3934047e-04
   5.4540129e-04
   5.5017161e-04
   5.5251832e-04
   5.5521065e-04
   5.5691321e-04
   5.5857204e-04
   5.5856741e-04
   5.5764265e-04
   5.5484119e-04
   5.5101374e-04
   5.4565194e-04
   5.3948137e-04
   5.3194564e-04
   5.2364307e-04
   5.1396931e-04
   5.0332589e-04
   4.9112958e-04
   4.7782881e-04
   4.6297388e-04
   4.4702808e-04
   4.2955199e-04
   4.1108196e-04
   3.9122117e-04
   3.7052235e-04
   3.4846087e-04
   3.2560711e-04
   3.0149387e-04
   2.7662200e-04
   2.5033858e-04
   2.2347425e-04
   1.9515990e-04
   1.6631706e-04
   1.3607682e-04
   1.0544753e-04
   7.3334629e-05
   4.1317936e-05
   7.2466734e-06
  -2.5691181e-05
  -6.0468046e-05
  -9.6795716e-05
  -1.3059969e-04
  -1.6687728e-04
  -2.0353086e-04
  -2.4083063e-04
  -2.7735571e-04
  -3.1430515e-04
  -3.5117404e-04
  -3.8881393e-04
  -4.2627398e-04
  -4.6393723e-04
  -5.0101685e-04
  -5.3794054e-04
  -5.7424834e-04
  -6.1042677e-04
  -6.4595873e-04
  -6.8122343e-04
  -7.1569953e-04
  -7.4966258e-04
  -7.8254476e-04
  -8.1460799e-04
  -8.4542457e-04
  -8.7534544e-04
  -9.0392092e-04
  -9.3147430e-04
  -9.5755395e-04
  -9.8257358e-04
  -1.0059761e-03
  -1.0280483e-03
  -1.0483553e-03
  -1.0672770e-03
  -1.0840646e-03
  -1.0994212e-03
  -1.1125219e-03
  -1.1240592e-03
  -1.1332597e-03
  -1.1408773e-03
  -1.1458305e-03
  -1.1495798e-03
  -1.1498295e-03
  -1.1491720e-03
  -1.1459663e-03
  -1.1393475e-03
  -1.1315476e-03
  -1.1212784e-03
  -1.1084050e-03
  -1.0926482e-03
  -1.0746989e-03
  -1.0544209e-03
  -1.0319562e-03
  -1.0068135e-03
  -9.7917548e-04
  -9.4891954e-04
  -9.1632678e-04
  -8.8136145e-04
  -8.4413728e-04
  -8.0445904e-04
  -7.6242610e-04
  -7.1794766e-04
  -6.7116012e-04
  -6.2200407e-04
  -5.7064975e-04
  -5.1714439e-04
  -4.6163429e-04
  -4.0405307e-04
  -3.4449980e-04
  -2.8296636e-04
  -2.1968645e-04
  -1.5455364e-04
  -8.7739262e-05
  -1.9379910e-05
   5.0353017e-05
   1.2162747e-04
   1.9389030e-04
   2.6751010e-04
   3.4196039e-04
   4.1751606e-04
   4.9369842e-04
   5.7087384e-04
   6.4809267e-04
   7.2659567e-04
   8.0431334e-04
   8.8275757e-04
   9.6147652e-04
   1.0393294e-03
   1.1170276e-03
   1.1944844e-03
   1.2714445e-03
   1.3473732e-03
   1.4223176e-03
   1.4961757e-03
   1.5690633e-03
   1.6405559e-03
   1.7105151e-03
   1.7786066e-03
   1.8448056e-03
   1.9089488e-03
   1.9710255e-03
   2.0307367e-03
   2.0879606e-03
   2.1424335e-03
   2.1941083e-03
   2.2427471e-03
   2.2882359e-03
   2.3304030e-03
   2.3692094e-03
   2.4044571e-03
   2.4359768e-03
   2.4634927e-03
   2.4870400e-03
   2.5064221e-03
   2.5213980e-03
   2.5319521e-03
   2.5380984e-03
   2.5393698e-03
   2.5361017e-03
   2.5277756e-03
   2.5146198e-03
   2.4962449e-03
   2.4728562e-03
   2.4438563e-03
   2.4101017e-03
   2.3700694e-03
   2.3252858e-03
   2.2748119e-03
   2.2184616e-03
   2.1565538e-03
   2.0892038e-03
   2.0159667e-03
   1.9368611e-03
   1.8518901e-03
   1.7612816e-03
   1.6649246e-03
   1.5627402e-03
   1.4546330e-03
   1.3407596e-03
   1.2211463e-03
   1.0959710e-03
   9.6514143e-04
   8.2871085e-04
   6.8661368e-04
   5.3904793e-04
   3.8604701e-04
   2.2777332e-04
   6.4165169e-05
  -1.0451983e-04
  -2.7827771e-04
  -4.5687854e-04
  -6.4043139e-04
  -8.2866404e-04
  -1.0214174e-03
  -1.2184414e-03
  -1.4199470e-03
  -1.6253350e-03
  -1.8347014e-03
  -2.0479287e-03
  -2.2646278e-03
  -2.4848389e-03
  -2.7082194e-03
  -2.9346384e-03
  -3.1638590e-03
  -3.3957867e-03
  -3.6297840e-03
  -3.8665090e-03
  -4.1045756e-03
  -4.3446645e-03
  -4.5863836e-03
  -4.8292932e-03
  -5.0730935e-03
  -5.3178748e-03
  -5.5632277e-03
  -5.8088809e-03
  -6.0544508e-03
  -6.2998642e-03
  -6.5449250e-03
  -6.7893762e-03
  -7.0328313e-03
  -7.2750527e-03
  -7.5157699e-03
  -7.7548653e-03
  -7.9920678e-03
  -8.2271294e-03
  -8.4596664e-03
  -8.6894586e-03
  -8.9162763e-03
  -9.1399895e-03
  -9.3602161e-03
  -9.5767877e-03
  -9.7893949e-03
  -9.9980093e-03
  -1.0202210e-02
  -1.0401734e-02
  -1.0596357e-02
  -1.0786224e-02
  -1.0970526e-02
  -1.1149525e-02
  -1.1322881e-02
  -1.1490259e-02
  -1.1651686e-02
  -1.1806813e-02
  -1.1955546e-02
  -1.2097718e-02
  -1.2233174e-02
  -1.2361573e-02
  -1.2483329e-02
  -1.2597405e-02
  -1.2704557e-02
  -1.2804225e-02
  -1.2896313e-02
  -1.2980591e-02
  -1.3057333e-02
  -1.3126139e-02
  -1.3187083e-02
  -1.3239912e-02
  -1.3284857e-02
  -1.3321710e-02
  -1.3350482e-02
  -1.3370929e-02
  -1.3383217e-02
   9.8661275e-01
  -1.3383217e-02
  -1.3370929e-02
  -1.3350482e-02
  -1.3321710e-02
  -1.3284857e-02
  -1.3239912e-02
  -1.3187083e-02
  -1.3126139e-02
  -1.3057333e-02
  -1.2980591e-02
  -1.2896313e-02
  -1.2804225e-02
  -1.2704557e-02
  -1.2597405e-02
  -1.2483329e-02
  -1.2361573e-02
  -1.2233174e-02
  -1.2097718e-02
  -1.1955546e-02
  -1.1806813e-02
  -1.1651686e-02
  -1.1490259e-02
  -1.1322881e-02
  -1.1149525e-02
  -1.0970526e-02
  -1.0786224e-02
  -1.0596357e-02
  -1.0401734e-02
  -1.0202210e-02
  -9.9980093e-03
  -9.7893949e-03
  -9.5767877e-03
  -9.3602161e-03
  -9.1399895e-03
  -8.9162763e-03
  -8.6894586e-03
  -8.4596664e-03
  -8.2271294e-03
  -7.9920678e-03
  -7.7548653e-03
  -7.5157699e-03
  -7.2750527e-03
  -7.0328313e-03
  -6.7893762e-03
  -6.5449250e-03
  -6.2998642e-03
  -6.0544508e-03
  -5.8088809e-03
  -5.5632277e-03
  -5.3178748e-03
  -5.0730935e-03
  -4.8292932e-03
  -4.5863836e-03
  -4.3446645e-03
  -4.1045756e-03
  -3.8665090e-03
  -3.6297840e-03
  -3.3957867e-03
  -3.1638590e-03
  -2.9346384e-03
  -2.7082194e-03
  -2.4848389e-03
  -2.2646278e-03
  -2.0479287e-03
  -1.8347014e-03
  -1.6253350e-03
  -1.4199470e-03
  -1.2184414e-03
  -1.0214174e-03
  -8.2866404e-04
  -6.4043139e-04
  -4.5687854e-04
  -2.7827771e-04
  -1.0451983e-04
   6.4165169e-05
   2.2777332e-04
   3.8604701e-04
   5.3904793e-04
   6.8661368e-04
   8.2871085e-04
   9.6514143e-04
   1.0959710e-03
   1.2211463e-03
   1.3407596e-03
   1.4546330e-03
   1.5627402e-03
   1.6649246e-03
   1.7612816e-03
   1.8518901e-03
   1.9368611e-03
   2.0159667e-03
   2.0892038e-03
   2.1565538e-03
   2.2184616e-03
   2.2748119e-03
   2.3252858e-03
   2.3700694e-03
   2.4101017e-03
   2.4438563e-03
   2.4728562e-03
   2.4962449e-03
   2.5146198e-03
   2.5277756e-03
   2.5361017e-03
   2.5393698e-03
   2.5380984e-03
   2.5319521e-03
   2.5213980e-03
   2.5064221e-03
   2.4870400e-03
   2.4634927e-03
   2.4359768e-03
   2.4044571e-03
   2.3692094e-03
   2.3304030e-03
   2.2882359e-03
   2.2427471e-03
   2.1941083e-03
   2.1424335e-03
   2.0879606e-03
   2.0307367e-03
   1.9710255e-03
   1.9089488e-03
   1.8448056e-03
   1.7786066e-03
   1.7105151e-03
   1.6405559e-03
   1.5690633e-03
   1.4961757e-03
   1.4223176e-03
   1.3473732e-03
   1.2714445e-03
   1.1944844e-03
   1.1170276e-03
   1.0393294e-03
   9.6147652e-04
   8.8275757e-04
   8.0431334e-04
   7.2659567e-04
   6.4809267e-04
   5.7087384e-04
   4.9369842e-04
   4.1751606e-04
   3.4196039e-04
   2.6751010e-04
   1.9389030e-04
   1.2162747e-04
   5.0353017e-05
  -1.9379910e-05
  -8.7739262e-05
  -1.5455364e-04
  -2.1968645e-04
  -2.8296636e-04
  -3.4449980e-04
  -4.0405307e-04
  -4.6163429e-04
  -5.1714439e-04
  -5.7064975e-04
  -6.2200407e-04
  -6.7116012e-04
  -7.1794766e-04
  -7.6242610e-04
  -8.0445904e-04
  -8.4413728e-04
  -8.8136145e-04
  -9.1632678e-04
  -9.4891954e-04
  -9.7917548e-04
  -1.0068135e-03
  -1.0319562e-03
  -1.0544209e-03
  -1.0746989e-03
  -1.0926482e-03
  -1.1084050e-03
  -1.1212784e-03
  -1.1315476e-03
  -1.1393475e-03
  -1.1459663e-03
  -1.1491720e-03
  -1.1498295e-03
  -1.1495798e-03
  -1.1458305e-03
  -1.1408773e-03
  -1.1332597e-03
  -1.1240592e-03
  -1.1125219e-03
  -1.0994212e-03
  -1.0840646e-03
  -1.0672770e-03
  -1.0483553e-03
  -1.0280483e-03
  -1.0059761e-03
  -9.8257358e-04
  -9.5755395e-04
  -9.3147430e-04
  -9.0392092e-04
  -8.7534544e-04
  -8.4542457e-04
  -8.1460799e-04
  -7.8254476e-04
  -7.4966258e-04
  -7.1569953e-04
  -6.8122343e-04
  -6.4595873e-04
  -6.1042677e-04
  -5.7424834e-04
  -5.3794054e-04
  -5.0101685e-04
  -4.6393723e-04
  -4.2627398e-04
  -3.8881393e-04
  -3.5117404e-04
  -3.1430515e-04
  -2.7735571e-04
  -2.4083063e-04
  -2.0353086e-04
  -1.6687728e-04
  -1.3059969e-04
  -9.6795716e-05
  -6.0468046e-05
  -2.5691181e-05
   7.2466734e-06
   4.1317936e-05
   7.3334629e-05
   1.0544753e-04
   1.3607682e-04
   1.6631706e-04
   1.9515990e-04
   2.2347425e-04
   2.5033858e-04
   2.7662200e-04
   3.0149387e-04
   3.2560711e-04
   3.4846087e-04
   3.7052235e-04
   3.9122117e-04
   4.1108196e-04
   4.2955199e-04
   4.4702808e-04
   4.6297388e-04
   4.7782881e-04
   4.9112958e-04
   5.0332589e-04
   5.1396931e-04
   5.2364307e-04
   5.3194564e-04
   5.3948137e-04
   5.4565194e-04
   5.5101374e-04
   5.5484119e-04
   5.5764265e-04
   5.5856741e-04
   5.5857204e-04
   5.5691321e-04
   5.5521065e-04
   5.5251832e-04
   5.5017161e-04
   5.4540129e-04
   5.3934047e-04
   5.2938116e-04
   5.2610558e-04
   5.1700549e-04
   5.0656500e-04
   4.9807630e-04
   4.8648197e-04
   4.7577661e-04
   4.6304848e-04
   4.5067328e-04
   4.3665417e-04
   4.2286833e-04
   4.0757788e-04
   3.9255420e-04
   3.7618250e-04
   3.6006335e-04
   3.4289508e-04
   3.2605523e-04
   3.0826556e-04
   2.9097226e-04
   2.7290040e-04
   2.5540139e-04
   2.3717802e-04
   2.1958149e-04
   2.0125239e-04
   1.8348487e-04
   1.6480752e-04
   1.4661780e-04
   1.2738257e-04
   1.0863710e-04
   8.8727055e-05
   6.9531347e-05
   4.9431798e-05
   3.0610796e-05
   1.1255824e-05
  -6.0187466e-06
  -2.3786229e-05
  -3.9270464e-05
  -5.6558017e-05
  -7.2899717e-05
  -9.4384716e-05
  -1.1532787e-04
  -1.4072184e-04
  -1.3866961e-04
  -1.6516568e-04
  -1.8395117e-04
  -1.9840979e-04
  -2.1703125e-04
  -2.3268246e-04
  -2.5050828e-04
  -2.6646477e-04
  -2.8393922e-04
  -3.0004027e-04
  -3.1741813e-04
  -3.3367563e-04
  -3.5109087e-04
  -3.6763912e-04
  -3.8517389e-04
  -4.0209089e-04
  -4.2001155e-04
  -4.3743214e-04
  -4.5583709e-04
  -4.7392057e-04
  -4.9302836e-04
  -5.1195057e-04
  -5.3192049e-04
  -5.5186914e-04
  -5.7294554e-04
  -5.9412328e-04
  -6.1647640e-04
  -6.3907631e-04
  -6.6300465e-04
  -6.8730479e-04
  -7.1296853e-04
  -7.3919768e-04
  -7.6691807e-04
  -7.9528962e-04
  -8.2533832e-04
  -8.5613158e-04
  -8.8873333e-04
  -9.2225435e-04
  -9.5769987e-04
  -9.9421973e-04
  -1.0327884e-03
   1.3547179e-02
